"listing_id","gbm_high","gbm_low","gbm_medium"
7170325,0.0113772864869082,0.360983222278016,0.627639491235076
7092344,0.0224398386020647,0.389525271503986,0.58803488989395
7158677,0.0146414818772356,0.598156862328603,0.387201655794162
7211212,0.0348654363576422,0.60397263935166,0.361161924290697
7225292,0.00149799367519795,0.970480134891746,0.0280218714330557
7226687,0.0284098467457926,0.817809434779696,0.153780718474511
7126989,0.00275453894031348,0.884582892458859,0.112662568600827
7114138,0.346147214917492,0.308469565993268,0.34538321908924
7131094,0.0158366188195247,0.936177809439687,0.0479855717407885
7224815,0.00267851806297256,0.954695752015019,0.0426257299220085
7107333,0.000632634134127869,0.973842241371313,0.0255251244945594
7088993,0.0451128427124029,0.47171302390481,0.483174133382787
7216312,0.0231672264957785,0.293602391329402,0.68323038217482
7140668,0.00916132930787732,0.956989287066032,0.0338493836260907
7141160,0.00138591885924811,0.88255983705131,0.116054244089442
7753784,0.00295300862270549,0.983751245295621,0.0132957460816731
7140840,0.00252541841190883,0.954503625003662,0.0429709565844294
7172046,0.897274901493374,0.0291781129477489,0.073546985558877
7168225,0.00090140066383457,0.989553823878073,0.00954477545809268
7213185,0.000813771438217779,0.993463684320698,0.00572254424108471
7206465,0.0432137103708346,0.774122176640141,0.182664112989024
7134612,0.00169786177285953,0.97396413058905,0.0243380076380905
7156935,0.000956323366817942,0.968679342764822,0.0303643338683595
7096161,0.00254019248587524,0.93554071144872,0.0619190960654045
7131812,0.00782826963924277,0.603777635673725,0.388394094687032
7185840,0.0528138055658079,0.84460024424469,0.102585950189502
7114220,0.000650723133090766,0.991050452161761,0.00829882470514774
7231209,0.00379431156461162,0.927426001463728,0.0687796869716607
7229242,0.00714858806225496,0.931271886590429,0.0615795253473161
7089887,0.00496015002679278,0.881707270199405,0.113332579773802
7217009,0.0207099552187764,0.580942677331659,0.398347367449565
7167986,0.711904404288582,0.0560648227264797,0.232030772984938
7126940,0.0124874635143226,0.75956220381578,0.227950332669898
7159596,0.00696268220435686,0.229233985080043,0.7638033327156
7111210,0.366672598743206,0.198823364456666,0.434504036800128
7152345,0.0209477186276332,0.798065550151177,0.18098673122119
7204899,0.00304000931040589,0.909426112070788,0.087533878618806
7230245,0.142294995520832,0.687658372679487,0.170046631799681
7211226,0.00554228672461287,0.955682649159456,0.038775064115931
7195563,0.0184634223025355,0.879183431854193,0.102353145843272
7181313,0.0604406198934596,0.407510409644924,0.532048970461617
7206858,0.00292582554033029,0.952687900121816,0.0443862743378539
7126878,0.392958049241414,0.316253671767873,0.290788278990713
7174518,0.000904021195216252,0.98982338928071,0.00927258952407427
7209804,0.00477354215766533,0.949829796706733,0.0453966611356017
7119598,0.000799265283066441,0.985803125386517,0.0133976093304161
7133917,0.00106957240030086,0.990992181634591,0.00793824596510787
7174224,0.0199891571065208,0.797292560733058,0.182718282160421
7157060,0.0301164264143767,0.600190827360275,0.369692746225349
7173006,0.00799141904295714,0.876698433311566,0.115310147645477
7216314,0.095798830162935,0.8284918877646,0.0757092820724652
7219476,0.000778276204405878,0.992017900983377,0.00720382281221756
7139119,0.00123176540476166,0.97638967599208,0.0223785586031587
7206653,0.00453604822051524,0.873324794607618,0.122139157171867
7091061,0.00784182679937138,0.857813945923438,0.134344227277191
7097027,0.00159629500712278,0.990369788383984,0.00803391660889288
7106145,0.316048550956731,0.268694422986298,0.415257026056971
7167352,0.00709682211772501,0.922247026075596,0.070656151806679
7168370,0.00224703448280445,0.97817325377584,0.019579711741356
7097907,0.0293528083677432,0.930369202726135,0.0402779889061218
7231268,0.119245621549491,0.582652306625813,0.298102071824696
7136953,0.270998258950404,0.182043262011767,0.54695847903783
7163499,0.00342913619990321,0.896282829403843,0.100288034396254
7205089,0.0242773754790138,0.619372715513997,0.356349909006989
7215442,0.00246522156823849,0.878036938184876,0.119497840246885
7221305,0.00349246638264159,0.954087583583574,0.0424199500337847
7218351,0.0468380685093958,0.652223729007883,0.300938202482721
7148695,0.0574336650645424,0.464386923961262,0.478179410974196
7134031,0.0840811073251917,0.82006738530219,0.0958515073726179
7194919,0.00284114436493096,0.926043625846778,0.071115229788291
7198551,0.000586214983357423,0.995205282040191,0.00420850297645196
7090836,0.000414188511066342,0.991776116724358,0.00780969476457526
7129585,0.00503199211288098,0.951583908308908,0.0433840995782112
7107617,0.0633511420614208,0.399014624986007,0.537634232952572
7232120,0.0435980940138372,0.164724133081852,0.791677772904311
7158471,0.0274731168197523,0.913772848357207,0.0587540348230405
7117491,0.000887375440953435,0.986113637343295,0.0129989872157511
7194997,0.00186649146159604,0.954156249449701,0.0439772590887031
7184842,0.0378183610459907,0.356912738650318,0.605268900303691
7111019,0.0246189493254029,0.783315849661847,0.19206520101275
7149858,0.00118032063284801,0.987218722169434,0.0116009571977179
7141788,0.0102048689476514,0.800737531797674,0.189057599254674
7134172,0.0754430523432182,0.180149864705779,0.744407082951003
7233228,0.0095368502789306,0.718057513905659,0.272405635815411
7166956,0.00222962223702551,0.991047763061089,0.00672261470188518
7134741,0.0200243111743006,0.94103350931161,0.0389421795140891
7148587,0.000355754150636941,0.994297471621864,0.00534677422749932
7114391,0.0265074439976284,0.828001006895796,0.145491549106575
7210245,0.00316394904225405,0.958966139448708,0.0378699115090383
7200221,0.207323506314403,0.414559492328577,0.37811700135702
7176451,0.00110866127538522,0.969350426366357,0.0295409123582583
7112578,0.000608321733669089,0.99214061280576,0.00725106546057132
7169964,0.175806578614887,0.375858132509183,0.448335288875931
7129699,0.166228941544586,0.296557319173542,0.537213739281873
7192613,0.00167283718644621,0.962489886972463,0.0358372758410904
7137236,0.00532495158078648,0.95735662526865,0.0373184231505636
7129545,0.00618783884674035,0.954866021614708,0.0389461395385519
7167474,0.0298316435734365,0.779877538854343,0.190290817572221
7187520,0.00041681979762669,0.988848383805427,0.0107347963969466
7219030,0.0274716388440904,0.679395693289633,0.293132667866277
7194762,0.0246249652068677,0.742277824823207,0.233097209969925
7223079,0.0980492454577827,0.448608906522341,0.453341848019876
7197337,0.0831569997881401,0.444503530578928,0.472339469632931
7103559,0.0203743893725417,0.511262624047047,0.468362986580411
7112266,0.0237589570658241,0.619701655355647,0.356539387578528
7172018,0.209885424829833,0.136571843364838,0.653542731805329
7161834,0.00498726595954588,0.948230140924975,0.0467825931154794
7135375,0.0315695982508712,0.729103879357819,0.23932652239131
7129249,0.00992047865961736,0.904066160410283,0.0860133609300995
7125143,0.00473812314437685,0.914771166993335,0.080490709862288
7151407,0.150310355186042,0.092984554574615,0.756705090239343
7223550,0.000689270222187114,0.988525757315885,0.0107849724619279
7223021,0.736244691748073,0.0642538838826542,0.199501424369273
7174183,0.0164506257869897,0.815572136114645,0.167977238098366
7202273,0.00138667518425614,0.98072493509667,0.0178883897190739
7161696,0.149363674257259,0.370250640579907,0.480385685162834
7225795,0.0105122570001238,0.89875408469358,0.0907336583062963
7095668,0.000759337719025837,0.987684060160137,0.0115566021208373
7234386,0.0941955559283098,0.104809249429026,0.800995194642665
7230215,0.149010049305901,0.212881356369155,0.638108594324944
7127331,0.00272135312343445,0.954073506674316,0.0432051402022491
7167945,0.00872343018864004,0.819689851606982,0.171586718204378
7190799,0.00231321847332768,0.908183654678034,0.0895031268486381
7120422,0.00416489659928974,0.939687027021984,0.0561480763787267
7220083,0.00269335410310767,0.984481405261969,0.0128252406349237
7103388,0.389017730970838,0.295001983131959,0.315980285897203
7163634,0.316518662243837,0.23326864162748,0.450212696128683
7124748,0.259405735239372,0.0749704940351771,0.665623770725451
7220833,0.0721939678086736,0.261530226242447,0.66627580594888
7214952,0.0265995414352374,0.666104880281608,0.307295578283155
7116891,0.0230585366762552,0.719689048735592,0.257252414588153
7137270,0.0466404383749603,0.237344988162813,0.716014573462227
7137935,0.0077956273314712,0.953967758847509,0.0382366138210197
7150092,0.00236784212905198,0.988084298584819,0.00954785928612869
7144140,0.0023470788931112,0.927481625037079,0.0701712960698094
7100389,0.383798370930401,0.381678832537291,0.234522796532308
7221077,0.00660370276583371,0.866075430252008,0.127320866982158
7219078,0.0123203939155296,0.720872000854767,0.266807605229704
7095541,0.0012299834094362,0.948104399905246,0.050665616685318
7203328,0.0533845032810566,0.0721697512739358,0.874445745445008
7087981,0.00681591847573247,0.151895652541003,0.841288428983265
7229492,0.00187419625980564,0.949103806474282,0.0490219972659128
7206615,0.0700306783361195,0.704974844839088,0.224994476824793
7120758,0.00933386482818267,0.943422700357209,0.0472434348146086
7107623,0.102080434217437,0.528641331532909,0.369278234249655
7136685,0.0293503924814495,0.735044592327928,0.235605015190622
7146873,0.00374857074009281,0.95774370843187,0.038507720828037
7173496,0.0821512253608711,0.476076787532005,0.441771987107124
7223131,0.335334083671781,0.242835089515878,0.421830826812341
7126261,0.147253887918135,0.234341550189701,0.618404561892165
7153662,0.051006286655152,0.72114785403895,0.227845859305898
7096174,0.097632513061848,0.112905059735535,0.789462427202617
7169773,0.00142850241508825,0.988457130930604,0.0101143666543079
7166336,0.00387601666715187,0.963959658429396,0.0321643249034526
7214496,0.00270213456223793,0.9638878915297,0.0334099739080618
7132195,0.00538236014161768,0.950181559771414,0.0444360800869689
7105198,0.00145113352636496,0.933443103011238,0.0651057634623973
7105648,0.00537620567045839,0.81281568265678,0.181808111672762
7112992,0.00677345090254586,0.918871541557389,0.074355007540065
7192198,0.0180783047722526,0.79580240740278,0.186119287824967
7105389,0.0861925128600702,0.150513158651631,0.763294328488299
7120917,0.343117229463672,0.422625332556232,0.234257437980095
7136806,0.714050030652539,0.0631292938988866,0.222820675448574
7109319,0.0172091974573527,0.864816197764852,0.117974604777795
7115282,0.0310124458342966,0.291641839472305,0.677345714693398
7146676,0.0398660591699171,0.477138733774067,0.482995207056016
7215893,0.0010069256350349,0.995342544125666,0.00365053023929901
7165629,0.062367082079547,0.340181598480542,0.597451319439911
7219540,0.0786848521093624,0.297832305528274,0.623482842362364
7136465,0.0120720223452115,0.895717872695103,0.0922101049596854
7232225,0.0300434881247844,0.775317037275212,0.194639474600003
7105202,0.032984333538823,0.425842700819158,0.541172965642019
7126430,0.00309605131538351,0.915302611662643,0.0816013370219733
7111867,0.00144417322211495,0.976994335133001,0.021561491644884
7146798,0.00158564146214638,0.969926643179649,0.0284877153582046
7092134,0.0826265782433387,0.414932583160028,0.502440838596633
7156595,0.108250088105095,0.252314278381951,0.639435633512954
7230524,0.105401702946989,0.188505686304875,0.706092610748136
7096089,0.0034026251280288,0.963467615516671,0.0331297593553004
7204276,0.0161322346263693,0.686619345720251,0.29724841965338
7187503,0.0023118141776804,0.965142693395913,0.0325454924264063
7157119,0.0142683024221536,0.886512028758166,0.0992196688196799
7205310,0.0010573548667847,0.986954524960649,0.0119881201725664
7116785,0.0701736210659666,0.717112765676289,0.212713613257745
7220345,0.000687015807539912,0.994580513642781,0.00473247054967873
7213335,0.00254049341679969,0.987974761675702,0.00948474490749827
7226774,0.0239749487777493,0.585243674394152,0.390781376828099
7139673,0.000253478771380282,0.991537296756228,0.00820922447239112
7158994,0.578412270875797,0.0739172525853545,0.347670476538848
7233238,0.00375892887546688,0.961474198786614,0.0347668723379187
7139917,0.10826228346938,0.118524634852872,0.773213081677748
7141300,0.0680712687438184,0.624241266686809,0.307687464569373
7145411,0.0373417367058004,0.758373925768786,0.204284337525414
7207430,0.0223211072158299,0.921820013397892,0.055858879386278
7125901,0.000440569472648203,0.997427605024686,0.00213182550266532
7148635,0.0036497165014189,0.964838998438752,0.0315112850598292
7190493,0.00220293108442873,0.95654439221178,0.0412526767037916
7183609,0.156339806890409,0.248688042546864,0.594972150562727
7105489,0.026511975631307,0.512733406832803,0.46075461753589
7199702,0.00457672287744518,0.852670156855817,0.142753120266738
7699396,0.014556134734456,0.77058897748231,0.214854887783234
7187542,0.0144922355799683,0.887266209040325,0.0982415553797065
7203495,0.0126217806800099,0.325419894483683,0.661958324836307
7154804,0.344859792591378,0.185412677134883,0.469727530273738
7213096,0.00460281980609641,0.972633742913673,0.0227634372802307
7229112,0.00285845802776692,0.895322668236577,0.101818873735656
7195985,0.00497398661907829,0.480089573192208,0.514936440188713
7128989,0.37349128684261,0.172568926148803,0.453939787008588
7201340,0.0390849490409666,0.493440226188221,0.467474824770812
7160416,0.0262480584104753,0.876320103842738,0.0974318377467866
7145487,0.00130807061974168,0.959357348897683,0.0393345804825755
7132045,0.0203151475324976,0.543439505570427,0.436245346897075
7127946,0.0164478102562285,0.950800966826145,0.0327512229176269
7164531,0.0793689650699791,0.542540757267195,0.378090277662826
7221942,0.107524602170377,0.239684704559918,0.652790693269705
7192439,0.000895823025404926,0.98922132250709,0.0098828544675051
7140922,0.0501813685623199,0.337953582311265,0.611865049126415
7181426,0.158143406125104,0.448932319927798,0.392924273947098
7088015,0.000751709907164096,0.99394781757943,0.0053004725134056
7162106,0.0787619577395945,0.718386413968173,0.202851628292232
7138311,0.000507934493855335,0.996132172755603,0.00335989275054135
7188806,0.0401585574284965,0.520333636407826,0.439507806163677
7164370,0.00212031224727464,0.975775392011904,0.0221042957408213
7162259,0.0172530790028469,0.724944462833948,0.257802458163205
7131606,0.373057089877171,0.0693674542501424,0.557575455872686
7204441,0.0205417926769384,0.753253656727508,0.226204550595554
7189092,0.0155956876006753,0.965124221974339,0.0192800904249857
7119739,0.00219443619134715,0.908195292661058,0.0896102711475951
7099579,0.0148629928900721,0.912265732047706,0.0728712750622219
7164940,0.0250938706570166,0.807524149960359,0.167381979382624
7091677,0.0167684878193137,0.25961355699577,0.723617955184916
7159173,0.00653479724877365,0.929626596340323,0.0638386064109034
7144584,6.17634289295058e-05,0.998039429037738,0.0018988075333331
7170465,0.00813948348174883,0.837175484445372,0.154685032072879
7145105,0.00274404886870307,0.97714182324804,0.0201141278832571
7174989,0.00246762923295671,0.973512722104513,0.0240196486625299
7187660,0.0129053063846048,0.932697979199708,0.0543967144156873
7101204,0.00374137807450043,0.948967621629837,0.0472910002956623
7174250,0.0997075409403293,0.431628061299608,0.468664397760063
7206561,0.00495742364230977,0.933134951059202,0.0619076252984885
7168239,0.0018094420995098,0.97559303144812,0.0225975264523699
7115466,0.0206107113520348,0.232189487265798,0.747199801382167
7150492,0.115599163782942,0.19298415234787,0.691416683869188
7200687,0.161502606105714,0.225480161007465,0.61301723288682
7118336,0.0123991945506148,0.867632312739048,0.119968492710337
7113766,0.0638916885207945,0.36559315074729,0.570515160731916
7234398,0.0285982858598034,0.888021422590959,0.0833802915492373
7219996,0.00329264120255778,0.976625947076177,0.0200814117212652
7166766,0.0466084283021478,0.587403704492416,0.365987867205436
7168961,0.0320655815373407,0.431894959541806,0.536039458920853
7091303,0.101999734515512,0.799990963121661,0.0980093023628269
7113377,0.435308923523665,0.118210571693223,0.446480504783112
7116917,0.840893846160221,0.0595117644862349,0.0995943893535445
7157778,0.0186779399426878,0.651512908748565,0.329809151308747
7143672,0.000882706279912801,0.99460529539224,0.00451199832784769
7185468,0.108597632677276,0.191380461726879,0.700021905595845
7209367,0.170572786438428,0.0777936045481829,0.751633609013389
7131313,0.00669509750144658,0.896617556025056,0.0966873464734971
7090615,0.00532323336844659,0.881166452202357,0.113510314429197
7119653,0.00384155138413792,0.960541624009381,0.0356168246064809
7214357,0.00552470566860534,0.881254047958398,0.113221246372996
7190958,0.167742335814377,0.269091135191913,0.56316652899371
7185090,0.00168338151769816,0.973780317440802,0.0245363010414998
7106402,0.019528609867989,0.938968614940868,0.0415027751911427
7091710,0.0357882238514856,0.581827032890327,0.382384743258187
7229732,0.00288796876327912,0.954402133568441,0.0427098976682802
7191894,0.259535736526919,0.179197471429772,0.561266792043309
7110757,0.00804544152130957,0.787488973031728,0.204465585446962
7099217,0.0437109043920685,0.762943370939448,0.193345724668484
7225712,0.00564615695575731,0.96705710651529,0.0272967365289526
7168382,0.00340414790714586,0.967454504408291,0.0291413476845637
7233700,0.0128356873627019,0.911304076716247,0.0758602359210512
7194838,0.106544626521185,0.474489336242134,0.418966037236681
7087718,0.584197369193278,0.104172810811977,0.311629819994745
7176108,0.0619219668129867,0.533394306335354,0.404683726851659
7208072,0.0253054596190613,0.840345479036798,0.134349061344141
7223233,0.0172802279919338,0.564172141626194,0.418547630381873
7142533,0.0280907200789599,0.548271331786924,0.423637948134116
7102561,0.0446253090284416,0.72581438822988,0.229560302741679
7151758,0.000930862911321506,0.993852283199634,0.00521685388904435
7155462,0.0106944280215273,0.697971143081136,0.291334428897337
7192662,0.0124248913833394,0.596902394007979,0.390672714608682
7158810,0.200028542926119,0.239670254698441,0.56030120237544
7170591,0.053075079979565,0.420310357421901,0.526614562598534
7300648,0.625896767687421,0.0557007486870767,0.318402483625503
7147363,0.326791707775328,0.208963213210879,0.464245079013793
7099751,0.172142776434693,0.0771366513986257,0.750720572166681
7210590,0.00913866367698033,0.91097824578999,0.0798830905330295
7153703,0.00819802668288781,0.97091644011328,0.0208855332038328
7204272,0.179653670285437,0.50971436138998,0.310631968324583
7121308,0.626408655127153,0.283252905712355,0.0903384391604916
7168526,0.0278060452610832,0.529778278352218,0.442415676386699
7114682,0.0194871547582545,0.664102812046339,0.316410033195406
7223738,0.000796552776276817,0.982065204449904,0.0171382427738196
7134558,0.237985811077708,0.632435390723456,0.129578798198836
7226520,0.00504523968224298,0.916321132587891,0.0786336277298658
7112715,0.00107129400422859,0.985840248470668,0.0130884575251035
7087774,0.00323470252877313,0.977522815755559,0.0192424817156678
7161513,0.0101531065040839,0.863752414253498,0.126094479242418
7179526,0.00134872068114457,0.990211399045346,0.00843988027350928
7224031,0.317395034789725,0.125695558072441,0.556909407137834
7207741,0.0349411854944023,0.641132813211397,0.323926001294201
7106492,0.00124001158583343,0.99352033248823,0.00523965592593628
7158913,0.0453819490204144,0.378814017247649,0.575804033731936
7173462,0.0210905781746282,0.763688567078182,0.21522085474719
7200621,0.0824003829809394,0.520475349343066,0.397124267675995
7187028,0.131762804373658,0.382788670112426,0.485448525513916
7125363,0.0128660238482048,0.8652773815573,0.121856594594495
7130366,0.000409879291869829,0.984300135066776,0.0152899856413542
7139958,0.00162629029103686,0.990537107917173,0.00783660179178959
7208769,0.0039524836600316,0.941391162668708,0.0546563536712607
7103416,0.00378079863219623,0.818810525055713,0.177408676312091
7090765,0.00414708083750906,0.982484125983628,0.0133687931788633
7117601,0.0873950705186346,0.548233475437065,0.364371454044301
7137984,0.00140511919950284,0.991811522074824,0.00678335872567315
7100838,0.00326361204956569,0.98644526680539,0.0102911211450442
7144427,0.385330007263116,0.453301640808564,0.16136835192832
7135068,0.0041679974526453,0.97361167918798,0.0222203233593747
7202577,0.00715950834058119,0.965910990736823,0.0269295009225961
7156817,0.0101110579993831,0.727887758781769,0.262001183218848
7137239,0.0152659281967484,0.3467514433035,0.637982628499752
7206216,0.00168279474767874,0.913352015130803,0.0849651901215187
7110900,0.0240039645918695,0.647525824644931,0.328470210763199
7214414,0.00975351602752971,0.754864044051689,0.235382439920781
7130424,0.258183638881307,0.079145753668641,0.662670607450052
7152362,0.00259946480513011,0.962475301966028,0.0349252332288415
7088531,0.00111184756494491,0.968995726306895,0.0298924261281596
7168341,0.0345503203436184,0.799047914326543,0.166401765329838
7159381,0.00246996647210274,0.581118189183715,0.416411844344182
7164902,0.180868933394354,0.212767911777995,0.606363154827651
7124373,0.000425601403973946,0.995846605177512,0.00372779341851408
7230906,0.0480002424217219,0.252787351142017,0.699212406436261
7184708,0.515321938403487,0.0332742599355234,0.451403801660989
7193065,0.022749757328079,0.51590477655064,0.461345466121281
7166642,0.0376735276054023,0.547739094236271,0.414587378158326
7224785,0.312396402806863,0.297684323824079,0.389919273369058
7119275,0.0434023394423228,0.598739181965574,0.357858478592103
7157285,0.00652114054150525,0.922515260433084,0.0709635990254109
7217806,0.0320035632916604,0.853188695099985,0.114807741608355
7091219,0.00802159734827309,0.600416702904571,0.391561699747156
7135976,0.00263864443466258,0.883349073856107,0.114012281709231
7201922,0.0117483592446344,0.636374888366696,0.35187675238867
7170059,0.00496215505937823,0.807952657927326,0.187085187013296
7129328,0.0240856450558631,0.825008285241629,0.150906069702508
7160501,0.00100625920802926,0.956037940733116,0.0429558000588545
7167754,0.00378079863219623,0.818810525055713,0.177408676312091
7215169,0.00151029336243633,0.990158359743243,0.00833134689432032
7130741,0.0025502275234339,0.983274571365695,0.0141752011108714
7157915,0.533838532971168,0.108136179141868,0.358025287886964
7153893,0.00323229395078426,0.958388433584451,0.0383792724647644
7175290,0.00823534127691063,0.847241926302345,0.144522732420744
7222894,0.00190744550076704,0.992720573484658,0.00537198101457457
7127900,0.0011087944509559,0.990950459286032,0.00794074626301257
7096090,0.0108945381683581,0.669026247088265,0.320079214743377
7143025,0.190876862138924,0.116298350120973,0.692824787740103
7117553,0.00230720248101995,0.958986020009141,0.0387067775098388
7185559,0.168947754896868,0.303849163479312,0.52720308162382
7232795,0.0473664310141513,0.188389051057381,0.764244517928468
7095707,0.00191682410449261,0.965982761271148,0.0321004146243593
7198777,0.160662912841945,0.15029649684579,0.689040590312265
7123382,0.00871884820082616,0.964449367659503,0.0268317841396708
7158186,0.00340594131182015,0.92026327045315,0.0763307882350303
7126821,0.75459481690216,0.0119067870221484,0.233498396075691
7171981,0.0070246640378968,0.851165718204558,0.141809617757545
7147974,0.136002882124931,0.0888962510966909,0.775100866778378
7090493,0.0155907941495388,0.395140432809002,0.589268773041459
7092218,0.804536959601825,0.0629835279663444,0.132479512431831
7088124,0.00211302180061015,0.964801250432559,0.0330857277668306
7187536,0.00701773936800564,0.976384888263087,0.0165973723689079
7088568,0.000957640125683948,0.983690830208052,0.015351529666264
7166833,0.00101566397646826,0.971204892361102,0.0277794436624301
7088798,0.0741127804880439,0.525033402789694,0.400853816722262
7204708,0.0170701197948702,0.786705011647604,0.196224868557526
7103044,0.0100753827613686,0.9008123450375,0.0891122722011313
7194049,0.0121729719150757,0.843654668999357,0.144172359085567
7169942,0.0676283798138264,0.658484261048458,0.273887359137716
7170318,0.0897049093782987,0.301347452668003,0.608947637953698
7165386,0.0121480758540964,0.875034045851106,0.112817878294798
7206346,0.00694344841029681,0.936031279801718,0.0570252717879855
7208337,0.0187274653761764,0.901191523435203,0.0800810111886208
7140820,0.0141820825081925,0.942936691068965,0.0428812264228429
7194486,0.571290174621244,0.138829975373747,0.289879850005009
7105614,0.0094663368315838,0.556001261290872,0.434532401877544
7178265,0.0165508475741506,0.723236245142373,0.260212907283476
7439407,0.00052687259646093,0.993480354082161,0.00599277332137806
7135550,0.000229520105288035,0.995387920462626,0.00438255943208581
7092435,0.00244052436363768,0.714027409960388,0.283532065675974
7189120,0.0486253951068215,0.843935782355022,0.107438822538157
7127815,0.011972509219634,0.962506136861961,0.0255213539184048
7099446,0.021229445489403,0.769452545047464,0.209318009463134
7123391,0.0167277687489374,0.841678671498536,0.141593559752526
7227520,0.0624234187776848,0.80980343424309,0.127773146979226
7141615,0.00989040974444007,0.760793364251655,0.229316226003905
7185499,0.378837761775019,0.0692202374262612,0.55194200079872
7150727,0.0060654180200652,0.95742514822369,0.0365094337562453
7115250,0.00780521748351139,0.934415471672482,0.057779310844007
7182954,0.0510705963970207,0.383985129243502,0.564944274359478
7212945,0.0115265951057124,0.705652753777912,0.282820651116375
7214737,0.0125478236723695,0.957193445311353,0.0302587310162771
7162022,0.0779188126566697,0.695035422449355,0.227045764893976
7184817,0.0194113817500019,0.666115544276595,0.314473073973403
7126169,0.0137270925023093,0.30769802239647,0.67857488510122
7218092,0.00571402673612598,0.942918815418893,0.0513671578449808
7130017,0.667304169769619,0.0766911191647636,0.256004711065617
7158870,0.0157156134964441,0.832002809644885,0.15228157685867
7185260,0.00287817460452861,0.929179147306622,0.0679426780888495
7133320,0.00107624218393012,0.991402843581961,0.00752091423410901
7134086,0.00122232186947747,0.989441750914346,0.00933592721617686
7115154,0.0022044515403067,0.969985954455554,0.0278095940041396
7223279,0.00703080058061068,0.683851756394641,0.309117443024748
7135324,0.00905803216412199,0.927640917333375,0.0633010505025028
7140186,0.000397351013378855,0.996339357500957,0.00326329148566375
7208829,0.00265740607242095,0.9072136280169,0.0901289659106794
7195591,0.0450703224188157,0.266122656167986,0.688807021413198
7132576,0.0119863826621604,0.908486037232066,0.0795275801057732
7128756,0.000237408612750973,0.993289668608261,0.00647292277898841
7124104,0.0938031911998114,0.345194942999619,0.561001865800569
7096061,0.00285948320090404,0.955654832545781,0.0414856842533154
7152668,0.407440532210397,0.149756201728304,0.442803266061298
7146106,0.011998224863386,0.911536613688336,0.0764651614482779
7162304,0.00298120520488358,0.700504138933882,0.296514655861235
7138891,0.000422959599613239,0.996838484689214,0.00273855571117269
7145131,0.00419361916555144,0.879431180786837,0.116375200047611
7109739,0.00547064278262717,0.650650729536249,0.343878627681124
7121138,0.00168484178138108,0.98333622395868,0.0149789342599385
7119893,0.0142158736224224,0.827269769965634,0.158514356411944
7180107,0.0134620294896749,0.643141169482285,0.34339680102804
7197581,0.00144921015684285,0.993707272162027,0.00484351768113015
7146503,0.0216884854831419,0.87448291420876,0.103828600308098
7165066,0.0212405248812226,0.694859395762704,0.283900079356073
7126403,0.0554735816449213,0.640634321000996,0.303892097354083
7152179,0.00145122991299395,0.993754403397119,0.00479436668988711
7113375,0.288300976178579,0.309044367894461,0.40265465592696
7228553,0.000582633965899263,0.989078657359425,0.0103387086746763
7200224,0.245068608264684,0.307492193944469,0.447439197790848
7111118,0.0162290719638716,0.585464353670678,0.39830657436545
7159977,0.082240666107528,0.540255457984001,0.377503875908471
7156707,0.0467309615561844,0.486106451843637,0.467162586600178
7101317,0.00155424221775277,0.987896814792405,0.010548942989842
7225762,0.012427305092668,0.817878539645475,0.169694155261857
7208269,0.0241612965338597,0.490694775465693,0.485143928000448
7093542,0.0327649686940799,0.564223662465737,0.403011368840183
7165907,0.000232969387747979,0.995890955504762,0.00387607510749045
7170729,0.0614211460701451,0.14812919570888,0.790449658220975
7132997,0.063252700325164,0.789255425707359,0.147491873967477
7118099,0.00275519652907228,0.987580094114577,0.0096647093563506
7091365,0.156765830205554,0.426581803123049,0.416652366671397
7140656,0.107341123371027,0.693942968521443,0.19871590810753
7158052,0.00818964610339902,0.973590231450567,0.0182201224460343
7099910,0.0415633578014639,0.833919119254298,0.124517522944238
7150580,0.169950788778711,0.183426506350283,0.646622704871007
7098239,0.0916059229738188,0.427123475310322,0.481270601715859
7197078,0.00463788974175567,0.88737230538638,0.107989804871865
7162719,0.0301358938096534,0.477960823533956,0.491903282656391
7211853,0.0310201323456902,0.839653592959371,0.129326274694939
7097605,0.0309926587731288,0.361749947931221,0.607257393295651
7101194,0.00396614688435987,0.971448684610892,0.0245851685047483
7133240,0.0140461446102495,0.937087783329732,0.0488660720600183
7108891,0.0019184675127535,0.986553961556259,0.0115275709309874
7117383,0.000856808075391838,0.985729257268693,0.0134139346559149
7093570,0.452647879963844,0.21655332390872,0.330798796127436
7227943,0.00929868967660086,0.884349944966223,0.106351365357176
7188441,0.00582508064357436,0.919673440456616,0.0745014788998099
7123083,0.038350471221782,0.420725654782046,0.540923873996172
7200547,0.010122413717989,0.814574988698589,0.175302597583422
7112964,0.0751519433419089,0.707115978172463,0.217732078485628
7196283,0.00147391051295932,0.976243104254902,0.0222829852321387
7122998,0.00123896199482565,0.987432005319203,0.0113290326859711
7143211,0.0962008701122494,0.179683100805383,0.724116029082368
7096958,0.0117319103115527,0.960344775539529,0.0279233141489185
7212066,0.00151462427214979,0.967904750725932,0.0305806250019183
7224977,0.00200943286400725,0.920126015713365,0.0778645514226281
7164077,0.0196365350590064,0.269911053961977,0.710452410979016
7189663,0.00169421560931916,0.951449227832857,0.0468565565578234
7191992,0.160013946778456,0.108817663839237,0.731168389382307
7096628,0.00859943080170776,0.916883531366516,0.0745170378317764
7128513,0.236289521957918,0.178656627559759,0.585053850482323
7145258,0.00130791495587955,0.965123604163759,0.0335684808803612
7121447,0.00578496212484888,0.780292449033348,0.213922588841803
7175233,0.0110670154852753,0.761791419796391,0.227141564718334
7214718,0.00468805815522795,0.944073262249188,0.051238679595584
7097227,0.081687956507368,0.835321320321195,0.0829907231714371
7129717,0.431949887982019,0.17836321329134,0.38968689872664
7213268,0.000515723316258727,0.992906842504893,0.00657743417884782
7215152,0.00351498830177627,0.987294832710724,0.00919017898749975
7116433,0.0280455187921813,0.861512261679531,0.110442219528288
7134839,0.367821910267769,0.266237460086077,0.365940629646154
7132340,0.0184634223025355,0.879183431854193,0.102353145843272
7178261,0.0139257449659271,0.473620136329181,0.512454118704891
7110722,0.259099826837615,0.261123079877281,0.479777093285104
7117144,0.000497293053743513,0.995956151818546,0.00354655512770996
7105336,0.0074840146453832,0.97601456797836,0.0165014173762563
7099855,0.292063680049706,0.126803520942787,0.581132799007508
7230152,0.00209213347228821,0.986518005488572,0.01138986103914
7231519,0.00145127440832885,0.987076760087058,0.0114719655046131
7145921,0.176942329125802,0.173094900887796,0.649962769986402
7110847,0.0232479423659004,0.645633649115857,0.331118408518242
7112314,0.0286669035379301,0.942024868713843,0.0293082277482273
7104891,0.00327999499700357,0.766139999042603,0.230580005960393
7172700,0.139250656206611,0.556360475565467,0.304388868227922
7200298,0.0526483069145919,0.568236270852597,0.379115422232811
7171498,0.624264292399459,0.104531268505064,0.271204439095477
7154611,0.0126645426621815,0.701777768019535,0.285557689318283
7527148,0.00105469523765568,0.979398383292726,0.0195469214696187
7157154,0.382795865898549,0.171843493130206,0.445360640971245
7137663,0.0432637423398289,0.887271631811528,0.0694646258486425
7195515,0.00660778856190326,0.941198789484871,0.0521934219532256
7217169,0.106627937506866,0.0718880142419892,0.821484048251145
7209350,0.545220387720759,0.156088241043151,0.29869137123609
7163306,0.0648638118271575,0.109987521383391,0.825148666789452
7197474,0.00134225197478337,0.943059432558471,0.0555983154667453
7231004,0.00283162725779602,0.976489107763881,0.0206792649783234
7159380,0.00171040716137147,0.981927403855766,0.0163621889828629
7123572,0.000872754262475401,0.98385627538117,0.0152709703563546
7191368,0.030821352442744,0.368698025488364,0.600480622068892
7152555,0.000188191388092313,0.996585728451791,0.00322608016011608
7216308,0.0458992666233704,0.143027907184594,0.811072826192036
7089607,0.00915393263193203,0.788298835226947,0.202547232141121
7146576,0.00530149854417232,0.97440994568811,0.0202885557677182
7226283,0.00435509298933658,0.873612831787952,0.122032075222711
7154617,0.0168998905227267,0.874077469552367,0.109022639924907
7155290,0.000627711288604458,0.988182138794878,0.0111901499165178
7088441,0.000848319575364659,0.975296727341885,0.0238549530827505
7193312,0.00154311337389763,0.971584380494157,0.026872506131945
7221535,0.0120428048117308,0.901454626303535,0.0865025688847342
7142402,0.000948358895004967,0.995377001078735,0.0036746400262598
7135382,0.387069501384984,0.0937066289658423,0.519223869649174
7152982,0.00850342897163476,0.884005793508098,0.107490777520267
7158841,0.260314882980547,0.250267552807724,0.489417564211729
7106533,0.0170709678181191,0.954678929771555,0.0282501024103259
7112395,0.0640156379939131,0.655026740123912,0.280957621882175
7154174,0.0387980619046644,0.573279167588835,0.387922770506501
7091023,0.00574244206107294,0.976640006733138,0.0176175512057896
7135662,0.00105283761510317,0.985273361812575,0.0136738005723214
7116134,0.00404658919405978,0.91287021917209,0.0830831916338498
7234345,0.000457371558913462,0.995119621929719,0.00442300651136721
7193206,0.00361393419628991,0.250832293203355,0.745553772600355
7216912,0.00574338560137566,0.86124970273429,0.133006911664334
7095936,0.000451702990332907,0.99426712534817,0.00528117166149702
7093169,0.0385938289227047,0.674807185199709,0.286598985877586
7144609,0.0113220420495835,0.663144659098417,0.325533298851999
7167712,0.119831849433605,0.565274967080589,0.314893183485806
7231483,0.0201870579058413,0.847645803010365,0.132167139083794
7206594,0.0472428847472607,0.53799575834524,0.414761356907499
7202822,0.023759570727464,0.943865762236009,0.0323746670365273
7225587,0.057127203470374,0.299902498299655,0.642970298229971
7123487,0.00812562953002158,0.908916947391992,0.0829574230779865
7211664,0.0160647683165096,0.918449863933006,0.0654853677504843
7222295,0.0433704516236067,0.242021477097423,0.71460807127897
7158858,0.0152217164175536,0.465254248261111,0.519524035321336
7167084,0.00352849044819162,0.981467896758014,0.0150036127937947
7147023,0.000745185105638925,0.988975069289243,0.0102797456051179
7151465,0.0199363384804556,0.774537187233727,0.205526474285818
7222897,0.00165212265100284,0.983182093795714,0.0151657835532834
7141466,0.0117711872580426,0.484534607391384,0.503694205350574
7151245,0.374895077911898,0.0647755909147042,0.560329331173397
7092884,0.205739259464376,0.356468582175593,0.437792158360031
7180533,0.000942504186432351,0.96442799305994,0.0346295027536278
7098208,0.00939766099013396,0.92377452606155,0.0668278129483161
7205075,0.00199666048791063,0.979411055616457,0.018592283895632
7219170,0.000537962208654365,0.994953456505816,0.0045085812855295
7114428,0.000496149443216054,0.988327773280378,0.0111760772764056
7167998,0.0298426150330074,0.550845493349554,0.419311891617439
7201569,0.0152913883794504,0.673167515490963,0.311541096129586
7195872,0.0111213243354647,0.948660540650194,0.0402181350143411
7116018,0.00354504758228562,0.935224003494782,0.0612309489229325
7134452,0.0746817056425876,0.29963585774564,0.625682436611773
7126258,0.0344734429139787,0.891160449531806,0.0743661075542154
7159955,0.000862288768323504,0.983390203757706,0.0157475074739707
7202040,0.15219615238482,0.0673498234788042,0.780454024136375
7138245,0.000331154682170916,0.99626763782091,0.00340120749691953
7131617,0.0190931285349195,0.455067392272486,0.525839479192595
7092359,0.104693635397077,0.294657357094668,0.600649007508255
7171511,0.0781799413382789,0.565123745741281,0.35669631292044
7221698,0.30969514702309,0.33423125652434,0.35607359645257
7156581,0.110592580344317,0.467516699714937,0.421890719940746
7192499,0.00730675582216494,0.939631021359584,0.0530622228182511
7135284,0.00203196351852213,0.974799186000909,0.0231688504805692
7171847,0.135211732862284,0.62087217701142,0.243916090126296
7222777,0.000543203564395079,0.991634592622475,0.00782220381313023
7171334,0.0249341274535975,0.483912526523781,0.491153346022621
7171255,0.197326982256332,0.332029139156819,0.470643878586849
7177354,0.152667023543671,0.582581292726083,0.264751683730246
7168405,0.160423214058242,0.0827555081661339,0.756821277775624
7092661,0.0145662419353252,0.505563929855813,0.479869828208862
7099405,0.163416359824781,0.371270806579896,0.465312833595323
7137567,0.0151754988783553,0.865828020250113,0.118996480871532
7197379,0.0512657985522699,0.423528392722535,0.525205808725195
7211473,0.00254445241583036,0.961500885775053,0.0359546618091166
7206690,0.00563780583603489,0.749884895232151,0.244477298931815
7168685,0.0418454438153777,0.43566673577073,0.522487820413893
7186108,0.0108129602367093,0.699627082164363,0.289559957598928
7233078,0.02845170743985,0.4054673345973,0.56608095796285
7193452,0.00704549511335581,0.975998507307833,0.0169559975788112
7092293,0.0270668727466342,0.416371565731908,0.556561561521458
7154744,0.00433213811041272,0.961846128216023,0.0338217336735646
7177795,0.0350595944564939,0.465922699038504,0.499017706505002
7217396,0.00057057044504646,0.994672046485277,0.00475738306967635
7099774,0.0146208592650181,0.612454693653911,0.37292444708107
7151829,0.000597229134359525,0.989694665324105,0.00970810554153565
7218278,0.00433901897914356,0.863640775088033,0.132020205932823
7096347,0.105610248746479,0.349351227871599,0.545038523381921
7091265,0.153556810185587,0.778155420933632,0.0682877688807803
7096577,0.0617115190482864,0.305914123758683,0.63237435719303
7205100,0.101961576551872,0.19453635439963,0.703502069048498
7172104,0.00639925272566567,0.793045731845347,0.200555015428988
7226090,0.000678169062122743,0.989223419814162,0.0100984111237149
7120664,0.00905283688782377,0.841193035841977,0.149754127270199
7148368,0.0390716543648393,0.558338359842481,0.402589985792679
7139805,0.000998132533392624,0.968495695333906,0.0305061721327016
7114148,0.0147166517070163,0.750225184759972,0.235058163533012
7233179,0.0122654946388601,0.826551647825213,0.161182857535927
7188271,0.0134214638631848,0.761086010829903,0.225492525306913
7207487,0.270549001026305,0.265010567261334,0.464440431712361
7156246,0.00326408086127818,0.97969048594286,0.0170454331958622
7149549,0.00169300746916936,0.971080635807229,0.0272263567236013
7167990,0.0173922059352597,0.870307948561937,0.112299845502804
7173161,0.201895913393875,0.043735888335602,0.754368198270522
7104485,0.0117711872580426,0.484534607391384,0.503694205350574
7105791,0.0312096226860704,0.585035717269544,0.383754660044386
7531296,0.00279996072393675,0.92304375759597,0.0741562816800933
7202274,0.00236912883096664,0.981782871075859,0.0158480000931739
7233364,0.0254476384347341,0.793220220316143,0.181332141249123
7127434,0.0475559118900117,0.30996064558553,0.642483442524458
7208396,0.0641321290335506,0.232315069101187,0.703552801865262
7223730,0.005563911356516,0.927893799259926,0.0665422893835583
7104340,0.0549003326603889,0.234899455986529,0.710200211353082
7110181,0.0194284942541669,0.785689662006522,0.194881843739311
