"listing_id","gl_high","gl_low","gl_medium"
7170325,0.103234700645833,0.503448107798597,0.39331719155557
7092344,0.0695167340204234,0.597696942042297,0.332786323937279
7158677,0.0507291176559519,0.667842308541958,0.28142857380209
7211212,0.164675384182617,0.480384011629055,0.354940604188328
7225292,0.0229037247291952,0.833617041864478,0.143479233406327
7226687,0.00483426233922862,0.889245025669096,0.105920711991676
7126989,0.0301214060528629,0.684653145427499,0.285225448519638
7114138,0.198412192122516,0.358519749788539,0.443068058088945
7131094,0.0567210586642457,0.705124415086497,0.238154526249257
7224815,0.00775102625526049,0.888342474554696,0.103906499190043
7107333,0.0123629202447179,0.872003632211533,0.115633447543749
7088993,0.228036268328746,0.264090936210929,0.507872795460325
7216312,0.137441399966094,0.47934701353257,0.383211586501336
7140668,0.0754092218701068,0.624349735173464,0.300241042956429
7141160,0.0100599725216336,0.826721457779097,0.163218569699269
7753784,0.00624078882392241,0.91953936636043,0.0742198448156481
7140840,0.0362321028258798,0.740794287939771,0.222973609234349
7172046,0.127197053020082,0.430404356483263,0.442398590496655
7168225,0.00891246137174661,0.880586483848756,0.110501054779498
7213185,0.00923835349215124,0.949963416388322,0.0407982301195269
7206465,0.102661983660958,0.645715303981079,0.251622712357963
7134612,0.00307603172164317,0.938819217276727,0.0581047510016302
7156935,0.00040826502246774,0.97480008848855,0.0247916464889821
7096161,0.0319553697900305,0.725781781030587,0.242262849179383
7131812,0.0586772920539686,0.645479501320334,0.295843206625698
7185840,0.0499609128982044,0.633613118014855,0.31642596908694
7114220,0.000782246157252455,0.987177156583498,0.0120405972592492
7231209,0.0344028785322041,0.797552648955355,0.168044472512441
7229242,0.0467723182770551,0.718426538079985,0.23480114364296
7089887,0.147243411698055,0.393982625335933,0.458773962966012
7217009,0.046335988946222,0.664363403776475,0.289300607277303
7167986,0.399304930607967,0.234901245412392,0.365793823979641
7126940,0.00603194670645563,0.917744659396239,0.0762233938973052
7159596,0.0522149824448317,0.680635282575125,0.267149734980044
7111210,0.350384561354316,0.248072564695217,0.401542873950467
7152345,0.0964063267628903,0.630137131412394,0.273456541824715
7204899,0.0459707893413133,0.686375875082125,0.267653335576562
7230245,0.181051075656855,0.489211170448246,0.329737753894899
7211226,0.0494429519995622,0.798353276056695,0.152203771943742
7195563,0.00491881043560258,0.868203892914403,0.126877296649995
7181313,0.324854751434742,0.26499951500616,0.410145733559097
7206858,0.00271602049038223,0.92766137430036,0.0696226052092582
7126878,0.0782940106751539,0.676393557105817,0.24531243221903
7174518,0.00940677316144,0.947687330387785,0.0429058964507754
7209804,0.0301553447003236,0.737511929869783,0.232332725429894
7119598,0.000477478422866998,0.968283163694125,0.0312393578830083
7133917,0.00780044924343506,0.897127431327209,0.0950721194293555
7174224,0.172848410073871,0.356774801464558,0.470376788461571
7157060,0.0139736125895995,0.84893014450297,0.137096242907431
7173006,0.0366846410173177,0.881407872088677,0.0819074868940055
7216314,0.000244697087078145,0.954579066629657,0.0451762362832653
7219476,0.010324977072384,0.877708702350613,0.111966320577003
7139119,0.00363918439970674,0.941647075101835,0.0547137404984579
7206653,0.0247798070718066,0.78844603383653,0.186774159091664
7091061,0.0450670924122525,0.763328220468648,0.1916046871191
7097027,0.0188114487196428,0.839013032007077,0.14217551927328
7106145,0.320310024556657,0.207566164572193,0.47212381087115
7167352,0.0175934514985735,0.837137627955804,0.145268920545622
7168370,0.00875969911385829,0.942636821672148,0.0486034792139936
7097907,0.112988552896518,0.574316683128217,0.312694763975265
7231268,0.118857994485346,0.616721995173965,0.264420010340689
7136953,0.0646953541815425,0.582790910628242,0.352513735190216
7163499,0.00503687745881566,0.918052321373313,0.0769108011678711
7205089,0.0663538019701024,0.69699263554771,0.236653562482188
7215442,0.00765622768774372,0.886992017265485,0.105351755046771
7221305,0.0243573093259555,0.818388943016144,0.1572537476579
7218351,0.0399519950319788,0.684323096864881,0.275724908103141
7148695,0.104321870154758,0.584145854144314,0.311532275700929
7134031,0.167980525033996,0.476597162744195,0.355422312221809
7194919,0.0946219410171254,0.534390077522427,0.370987981460447
7198551,0.000271550619038082,0.96906670389575,0.0306617454852116
7090836,0.00516187887862263,0.935408108106128,0.0594300130152496
7129585,0.0399362547341925,0.684189061314865,0.275874683950943
7107617,0.126738661986167,0.575077795603205,0.298183542410627
7232120,0.112351419703769,0.464398451185768,0.423250129110463
7158471,0.031111842544611,0.861017713514164,0.107870443941225
7117491,0.0112437671339369,0.891155683568015,0.0976005492980476
7194997,0.00767117250859132,0.896878171014379,0.09545065647703
7184842,0.169515271259533,0.477076941930854,0.353407786809614
7111019,0.0365862126894384,0.678189659134358,0.285224128176203
7149858,8.5347198361201e-05,0.988640605528076,0.0112740472735631
7141788,0.0197923632418343,0.784661911690598,0.195545725067568
7134172,0.0525700552585912,0.613128671064742,0.334301273676667
7233228,0.0702871803274198,0.587731605225571,0.341981214447009
7166956,0.0252381673801977,0.818150912750243,0.156610919869559
7134741,0.0768728484445088,0.620221679426559,0.302905472128932
7148587,0.00488950549810492,0.969386779564524,0.025723714937371
7114391,0.161773008427364,0.491654157313361,0.346572834259275
7210245,0.0127984297467241,0.811877586329343,0.175323983923933
7200221,0.27041976634878,0.35559702651144,0.37398320713978
7176451,0.0019754552009627,0.949997658663045,0.0480268861359924
7112578,1.84431248465073e-05,0.993763304265627,0.00621825260952611
7169964,0.138768098078918,0.454599749672169,0.406632152248914
7129699,0.311040852411272,0.214180174211682,0.474778973377045
7192613,0.040272561201869,0.714644317098141,0.24508312169999
7137236,0.0197411277277906,0.821970214757071,0.158288657515139
7129545,0.0170918678778447,0.838325333613556,0.144582798508599
7167474,0.100952620476941,0.629985879367154,0.269061500155905
7187520,0.00172634322201583,0.979900679010015,0.0183729777679688
7219030,0.10335113794714,0.557964658917948,0.338684203134912
7194762,0.103425964200745,0.455057681302119,0.441516354497136
7223079,0.106475602269121,0.597237758692048,0.296286639038831
7197337,0.0214540845514246,0.749133383497523,0.229412531951052
7103559,0.0550921222812922,0.566243260089143,0.378664617629565
7112266,0.149835434615974,0.500493768855032,0.349670796528994
7172018,0.0524661380359149,0.626177972522365,0.32135588944172
7161834,0.0915689509809785,0.688163379296927,0.220267669722094
7135375,0.0796195421107507,0.648206552479553,0.272173905409696
7129249,0.0340612516248091,0.764034698262594,0.201904050112597
7125143,0.0234866385050783,0.794650371473439,0.181862990021482
7151407,0.213464197001893,0.492806371303208,0.293729431694899
7223550,0.00243670756945453,0.935291837425894,0.0622714550046512
7223021,0.206611868416633,0.429640204958782,0.363747926624585
7174183,0.0146372403007259,0.860816503180186,0.124546256519089
7202273,0.00996187763111063,0.929291872905664,0.0607462494632253
7161696,0.14504862879664,0.527069796490293,0.327881574713067
7225795,0.0041376833373744,0.903659057211625,0.0922032594510003
7095668,0.000471900378671071,0.97593077284147,0.023597326779859
7234386,0.164197925624962,0.474462340282678,0.36133973409236
7230215,0.262910859358622,0.308994827749976,0.428094312891402
7127331,0.0150543113637342,0.811514076926782,0.173431611709484
7167945,0.0483822540612947,0.69249650861135,0.259121237327355
7190799,0.0339865829725166,0.708255900288363,0.25775751673912
7120422,0.0350156784765962,0.766572696212859,0.198411625310544
7220083,0.0100829856825386,0.942016790737407,0.0479002235800544
7103388,0.163428739106218,0.509652551373623,0.326918709520158
7163634,0.394655669116142,0.229792470514922,0.375551860368936
7124748,0.239717170984047,0.189649457516818,0.570633371499135
7220833,0.139414069376945,0.422452371822766,0.438133558800289
7214952,0.0133558126999305,0.821196247315993,0.165447939984076
7116891,0.0679180193199485,0.678074095946431,0.254007884733621
7137270,0.025784788672268,0.776599905674871,0.197615305652861
7137935,0.0331872181579272,0.866936949759734,0.0998758320823387
7150092,0.116446648535089,0.623002698154692,0.260550653310219
7144140,0.0152797083264555,0.886283355642304,0.0984369360312404
7100389,0.115844392244506,0.556545677384071,0.327609930371423
7221077,0.13033542158121,0.435638620720342,0.434025957698448
7219078,0.0148069109714502,0.835321972426588,0.149871116601961
7095541,0.000574945392959322,0.973171963301364,0.0262530913056765
7203328,0.13470047298404,0.544736752198455,0.320562774817505
7087981,0.0466178445557517,0.662813432723931,0.290568722720317
7229492,0.0311660106204096,0.808850738057806,0.159983251321785
7206615,0.00848013320977941,0.843102526764156,0.148417340026065
7120758,0.0105531571780357,0.835020590972689,0.154426251849276
7107623,0.128995783883914,0.440301462022664,0.430702754093422
7136685,0.0421957723154758,0.713811855002137,0.243992372682387
7146873,0.0201710187274293,0.909981697057754,0.0698472842148163
7173496,0.152664870855051,0.338386739683596,0.508948389461353
7223131,0.042270859770227,0.755241832396247,0.202487307833526
7126261,0.387739690018309,0.137376318266163,0.474883991715528
7153662,0.0804318845721869,0.777495392769439,0.142072722658375
7096174,0.129569378822002,0.566177619360636,0.304253001817362
7169773,0.0108269622862293,0.943337781599026,0.0458352561147448
7166336,0.0335581634289584,0.859659902700959,0.106781933870082
7214496,0.0308817736376827,0.768909646682538,0.200208579679779
7132195,0.0220520225592384,0.794057633417448,0.183890344023313
7105198,0.00624357738145958,0.86321488203544,0.1305415405831
7105648,0.00919008114618266,0.882435313944385,0.108374604909432
7112992,0.00220899385415488,0.947069492582055,0.0507215135637901
7192198,0.0504155798311567,0.623849230394186,0.325735189774657
7105389,0.127704414144929,0.461609651015401,0.410685934839669
7120917,0.0598647508686356,0.61553956494469,0.324595684186675
7136806,0.365315766499155,0.23742327137504,0.397260962125805
7109319,0.0409904264601522,0.678614479891913,0.280395093647935
7115282,0.0330034481484511,0.656161674036729,0.31083487781482
7146676,0.0376534536933714,0.762123249543661,0.200223296762968
7215893,0.00454458904327347,0.96599129657447,0.0294641143822568
7165629,0.285631575489486,0.195426428369864,0.51894199614065
7219540,0.0595938093460449,0.812411070894988,0.127995119758967
7136465,0.0428492821378316,0.86798308856854,0.0891676292936287
7232225,0.0876595169801958,0.59353676642248,0.318803716597325
7105202,0.00923756713385519,0.807638100713634,0.183124332152511
7126430,0.000474246083531448,0.97258477529333,0.0269409786231388
7111867,0.0219869974795996,0.898703562272681,0.0793094402477192
7146798,0.0450538865896132,0.633331199109367,0.321614914301019
7092134,0.124028121926761,0.486105208252645,0.389866669820595
7156595,0.242776354665899,0.36568249333751,0.391541151996591
7230524,0.168636700947824,0.428593642547765,0.402769656504411
7096089,0.0236661804106473,0.852054297994465,0.124279521594887
7204276,0.0237178050431977,0.787164267074829,0.189117927881974
7187503,0.00280532604483575,0.950621226731889,0.0465734472232748
7157119,0.095198715044607,0.51801664089887,0.386784644056523
7205310,0.00109897429237421,0.967716376807871,0.0311846488997549
7116785,0.134993871533328,0.495385923616514,0.369620204850158
7220345,0.00447440000240944,0.965518452908377,0.0300071470892135
7213335,0.0256525088132489,0.833966857891294,0.140380633295457
7226774,0.0547021860507615,0.627737325145105,0.317560488804134
7139673,0.00627570668921611,0.913083932454807,0.0806403608559773
7158994,0.043818949231234,0.66046454723123,0.295716503537536
7233238,0.000229060689538249,0.968207091506528,0.0315638478039336
7139917,0.173383499817101,0.472969659908085,0.353646840274814
7141300,0.126875175299478,0.511008096896353,0.362116727804169
7145411,0.00480653311264189,0.896484396350383,0.0987090705369755
7207430,0.0369888189635428,0.872288426733954,0.0907227543025036
7125901,0.00540960613935769,0.966487320301562,0.0281030735590805
7148635,0.0398215497468531,0.76882754356441,0.191350906688737
7190493,0.0156573983461319,0.853379629800491,0.130962971853377
7183609,0.248198021423642,0.245937357474824,0.505864621101534
7105489,0.101373442162334,0.466050494061861,0.432576063775805
7199702,0.0252193733156086,0.777315962777792,0.1974646639066
7699396,0.0846798684279256,0.669066981951273,0.246253149620802
7187542,0.0152071876798329,0.911663180742567,0.0731296315775996
7203495,0.0572055038832068,0.608081906904949,0.334712589211844
7154804,0.0661730811769664,0.581995604567167,0.351831314255867
7213096,0.0288386647325829,0.903286875472785,0.0678744597946319
7229112,0.00529260525953752,0.870545279001377,0.124162115739085
7195985,0.0200233557343319,0.839510456347175,0.140466187918493
7128989,0.178507167376199,0.493048137465498,0.328444695158303
7201340,0.104977790669557,0.608621862645548,0.286400346684895
7160416,0.0322348307677722,0.790326421032713,0.177438748199515
7145487,0.00561269381632453,0.901538976682886,0.0928483295007898
7132045,0.0293004221745642,0.770629853029943,0.200069724795492
7127946,0.0353074135993795,0.871246536239164,0.0934460501614563
7164531,0.0537355162300936,0.702786909975792,0.243477573794114
7221942,0.162069215831999,0.445928473545901,0.392002310622101
7192439,0.0491397141521756,0.760519298615908,0.190340987231916
7140922,0.0224624808536694,0.805122827509755,0.172414691636576
7181426,0.207446172347018,0.408213004093301,0.384340823559681
7088015,5.34567025699472e-05,0.990052630189746,0.00989391310768412
7162106,0.160061527073969,0.357985134010625,0.481953338915406
7138311,0.00581797904787417,0.963418426130796,0.0307635948213299
7188806,0.100773129646047,0.599118234773557,0.300108635580396
7164370,0.00747772676100459,0.900048424446193,0.0924738487928027
7162259,0.0214261186842538,0.812029343877066,0.166544537438681
7131606,0.202300506505243,0.321600707222351,0.476098786272405
7204441,0.1219233634248,0.611939405805375,0.266137230769826
7189092,0.0755031058700432,0.67268312370219,0.251813770427767
7119739,0.034396075353662,0.821083160350556,0.144520764295782
7099579,0.0408914533354937,0.718670493681774,0.240438052982732
7164940,0.0828197500939211,0.573148595798011,0.344031654108068
7091677,0.00575077840157751,0.865155817554477,0.129093404043945
7159173,0.0176478471417434,0.844513459298351,0.137838693559905
7144584,0.000548184299375297,0.989956990594914,0.00949482510571025
7170465,0.0165335937111208,0.797025739344421,0.186440666944459
7145105,0.0308280863198736,0.76925355871073,0.199918354969396
7174989,0.0177068075787987,0.851711668508405,0.130581523912796
7187660,0.0267897810830316,0.74857244184899,0.224637777067978
7101204,0.00636104756458098,0.958501903448555,0.0351370489868639
7174250,0.119452786747149,0.598773291941403,0.281773921311449
7206561,0.0319341603342339,0.813326834086508,0.154739005579258
7168239,0.000228267133240406,0.989327588943671,0.0104441439230885
7115466,0.171844307002854,0.424120424507286,0.40403526848986
7150492,0.0448628840050779,0.757415621004268,0.197721494990654
7200687,0.179513979725141,0.393818331391555,0.426667688883305
7118336,0.0595690534900505,0.67539012628339,0.26504082022656
7113766,0.10217306423166,0.487743769127565,0.410083166640775
7234398,0.0864719128954897,0.582627907120144,0.330900179984366
7219996,0.0125787665687107,0.933751863972583,0.0536693694587062
7166766,0.153445341007354,0.46930933911659,0.377245319876056
7168961,0.0772897969664576,0.673311787552786,0.249398415480756
7091303,0.199890494609295,0.303645991506479,0.496463513884225
7113377,0.269561005102939,0.228570177249951,0.50186881764711
7116917,0.199756085717843,0.384555658355729,0.415688255926428
7157778,0.0245686149399822,0.822773378136674,0.152658006923344
7143672,0.00397123182644276,0.929408220595999,0.0666205475775583
7185468,0.0800776928697019,0.542045175613704,0.377877131516594
7209367,0.202623584268478,0.292150720094931,0.505225695636591
7131313,0.0348129242644152,0.757748268043949,0.207438807691636
7090615,0.0128607408968192,0.855982541390933,0.131156717712248
7119653,0.0186335069811414,0.909610547560192,0.0717559454586667
7214357,0.00604908148600428,0.878598948066745,0.115351970447251
7190958,0.176992264078791,0.529075495305584,0.293932240615624
7185090,0.0152129541210247,0.796676315215152,0.188110730663823
7106402,0.0098965897114984,0.938925108343051,0.0511783019454505
7091710,0.077076270737352,0.523567781353589,0.399355947909059
7229732,0.00316615089954806,0.893034764231279,0.103799084869173
7191894,0.246481202803284,0.41811673072796,0.335402066468756
7110757,0.0317186555060974,0.760012318624786,0.208269025869117
7099217,0.171408495463133,0.42416534063822,0.404426163898647
7225712,0.0453767999386832,0.73069418904616,0.223929011015156
7168382,0.00754692034632684,0.939873490595614,0.052579589058059
7233700,0.027765793161423,0.75796218403108,0.214272022807497
7194838,0.148069505161482,0.516135318210729,0.33579517662779
7087718,0.0351028412640099,0.869360406086669,0.0955367526493208
7176108,0.153239273730698,0.572099289216429,0.274661437052873
7208072,0.137247400105318,0.463581610020876,0.399170989873806
7223233,0.104070128464411,0.551356576869248,0.344573294666342
7142533,0.122275906105206,0.548972748254248,0.328751345640546
7102561,0.156957687891304,0.415803365687962,0.427238946420735
7151758,0.0619249242512483,0.746174997124964,0.191900078623788
7155462,0.053440221224614,0.666143123656479,0.280416655118907
7192662,0.115073407175737,0.445714210278082,0.439212382546181
7158810,0.115235533433403,0.334666246834584,0.550098219732014
7170591,0.159962229915314,0.455694226788622,0.384343543296065
7300648,0.313473688965128,0.316409354118542,0.37011695691633
7147363,0.252878094479168,0.45771988797798,0.289402017542852
7099751,0.0892450611921834,0.610106367802532,0.300648571005285
7210590,0.0209782507837365,0.795991841636665,0.183029907579598
7153703,0.0601181259868711,0.843450062409975,0.0964318116031543
7204272,0.161766256822611,0.55177321616676,0.286460527010629
7121308,0.189998379691688,0.414320501827697,0.395681118480615
7168526,0.059929673621888,0.688174857954309,0.251895468423804
7114682,0.0220054786692592,0.901797507748064,0.0761970135826763
7223738,0.00182985398927591,0.944827627781796,0.0533425182289281
7134558,0.240378956650089,0.322275847469741,0.437345195880171
7226520,0.0149454656444321,0.842891691312188,0.14216284304338
7112715,0.00122045840022544,0.955603129846239,0.0431764117535353
7087774,0.0520176854625004,0.844361869096757,0.103620445440742
7161513,0.0704285037302041,0.631595708805364,0.297975787464432
7179526,0.00155444003604963,0.963564862160924,0.0348806978030266
7224031,0.0604649437794951,0.585475589451945,0.35405946676856
7207741,0.16098461639634,0.536677907668377,0.302337475935283
7106492,0.011882296402462,0.939199809791442,0.048917893806096
7158913,0.141564312365351,0.490196661133262,0.368239026501386
7173462,0.175272346940812,0.349664173000282,0.475063480058906
7200621,0.109773656220656,0.583371929067209,0.306854414712136
7187028,0.347865175347524,0.293345775343244,0.358789049309232
7125363,0.0330356960236434,0.690422760995587,0.27654154298077
7130366,0.00182511111554145,0.946711761439556,0.0514631274449027
7139958,0.00108329044394892,0.978833605650856,0.0200831039051947
7208769,0.0180126964870857,0.785619115330192,0.196368188182723
7103416,0.0104445827787374,0.838754053529287,0.150801363691976
7090765,0.013999701943699,0.935401138781229,0.050599159275072
7117601,0.164641426037148,0.476739145822305,0.358619428140548
7137984,0.00997656745213978,0.881005686500953,0.109017746046907
7100838,0.0163613124997236,0.935358084346373,0.048280603153903
7144427,0.311340589866406,0.267695437163299,0.420963972970295
7135068,0.00572406742264233,0.893972838930798,0.100303093646559
7202577,0.0113178935740259,0.928827226325268,0.0598548801007062
7156817,0.0684719739564908,0.582053181357388,0.349474844686121
7137239,0.0834648671097432,0.646286500874458,0.270248632015798
7206216,0.00200990329099527,0.940402663453221,0.0575874332557833
7110900,0.149940202138468,0.385859643559663,0.46420015430187
7214414,0.0302289704114328,0.787739568613783,0.182031460974784
7130424,0.309216409571466,0.26157292018377,0.429210670244764
7152362,0.0171447075550051,0.849103439234222,0.133751853210773
7088531,0.0297781555244804,0.773789700179696,0.196432144295824
7168341,0.0218204098699341,0.835734981520465,0.142444608609601
7159381,0.0354173438920669,0.685576836002318,0.279005820105615
7164902,0.339046668728521,0.26755244743648,0.393400883834999
7124373,0.0108850646854986,0.899683823117499,0.0894311121970024
7230906,0.187679614963783,0.320718645777766,0.491601739258452
7184708,0.28999256086011,0.193826816548557,0.516180622591333
7193065,0.0471472986904664,0.632513972511501,0.320338728798032
7166642,0.0488534337520068,0.838397081792356,0.112749484455637
7224785,0.147174510769501,0.505026910002349,0.34779857922815
7119275,0.185878907231555,0.383009465123671,0.431111627644774
7157285,0.0477162396827891,0.627606208505,0.324677551812211
7217806,0.109874911266535,0.529993263327715,0.360131825405749
7091219,0.112040093836799,0.519117424696406,0.368842481466794
7135976,0.00685168347470859,0.857223876346736,0.135924440178555
7201922,0.0466976853278552,0.67066990291542,0.282632411756725
7170059,0.0149808194693895,0.787475071534118,0.197544108996493
7129328,0.122821522942503,0.58371038010379,0.293468096953708
7160501,0.0272535570587601,0.739881084633283,0.232865358307957
7167754,0.0104445827787374,0.838754053529287,0.150801363691976
7215169,0.0263928268217876,0.774877197266795,0.198729975911418
7130741,0.000513197092534301,0.959620052819792,0.0398667500876734
7157915,0.184186651601641,0.449506697249422,0.366306651148938
7153893,0.0126292354623408,0.928122804031988,0.0592479605056715
7175290,0.0205058034868728,0.754837725229629,0.224656471283498
7222894,0.0060562880617494,0.91097679855449,0.0829669133837605
7127900,0.000625122489146964,0.987303238499325,0.0120716390115282
7096090,0.00229683422495357,0.927742673607167,0.0699604921678799
7143025,0.0907834512855534,0.561112556176497,0.348103992537949
7117553,0.0297465863680861,0.79283569782744,0.177417715804473
7185559,0.0735872367129659,0.548986518343233,0.377426244943801
7232795,0.142640548465657,0.450416024387582,0.406943427146761
7095707,0.00680823206065042,0.909441804722627,0.0837499632167226
7198777,0.1552615655652,0.415485592218647,0.429252842216153
7123382,0.0660180845381029,0.751826673836994,0.182155241624903
7158186,0.0337703782183527,0.79587806479039,0.170351556991257
7126821,0.491721057593706,0.132390127937508,0.375888814468786
7171981,0.0484243256624443,0.656338509498341,0.295237164839215
7147974,0.181505307805092,0.430862449126306,0.387632243068602
7090493,0.0358470230060458,0.746443748993193,0.217709228000761
7092218,0.260758105177172,0.322905415207934,0.416336479614894
7088124,0.00807799048121456,0.893910369166216,0.0980116403525693
7187536,0.0281437970148272,0.885720123688787,0.086136079296386
7088568,0.0121330942614634,0.881533416374575,0.106333489363962
7166833,0.00262324105385256,0.948801292517726,0.0485754664284214
7088798,0.200849072323287,0.287152975444475,0.511997952232237
7204708,0.0809273853816134,0.604780587413712,0.314292027204675
7103044,0.012777714095331,0.828983974762962,0.158238311141707
7194049,0.0554036306048749,0.605653083873217,0.338943285521908
7169942,0.0158831637844263,0.771276426410336,0.212840409805238
7170318,0.147377375068763,0.492498163544543,0.360124461386694
7165386,0.191789036511344,0.418426238636653,0.389784724852002
7206346,0.104512526606848,0.585020367783313,0.310467105609839
7208337,0.118919765580764,0.536319748263549,0.344760486155687
7140820,0.0912796771675261,0.563450145080658,0.345270177751816
7194486,0.355200355843722,0.215390038374308,0.42940960578197
7105614,0.0519759789560311,0.69801302109169,0.250010999952279
7178265,0.0924420505152016,0.534411296241682,0.373146653243117
7439407,0.00499357242629343,0.939215338641396,0.055791088932311
7135550,0.00421138275213398,0.924914981853906,0.0708736353939605
7092435,0.0042530662976692,0.901189217991778,0.0945577157105533
7189120,0.176291988331129,0.447338919178043,0.376369092490829
7127815,0.0262054154305698,0.894785143559404,0.0790094410100263
7099446,0.0948943692909009,0.536959323891861,0.368146306817238
7123391,0.0163641816187358,0.824106569552833,0.159529248828432
7227520,0.0462865334077055,0.725377374452112,0.228336092140183
7141615,0.0325700500169523,0.722996659311693,0.244433290671355
7185499,0.260336402845988,0.383118462462272,0.35654513469174
7150727,0.0651972795175877,0.736337510571803,0.198465209910609
7115250,0.0125964381525738,0.91871980491929,0.0686837569281363
7182954,0.224073373164082,0.352319715446504,0.423606911389414
7212945,0.0778842453210481,0.717643594905269,0.204472159773682
7214737,0.0624568087276517,0.6987196448762,0.238823546396149
7162022,0.100457963038536,0.545090731408954,0.35445130555251
7184817,0.0357616691278432,0.653214683449311,0.311023647422846
7126169,0.0705697952737943,0.603219985006659,0.326210219719547
7218092,0.033494756098351,0.772754118499927,0.193751125401722
7130017,0.293911919758775,0.37179782638962,0.334290253851605
7158870,0.0324681623049455,0.775046831988367,0.192485005706687
7185260,0.0344743759658418,0.67768684845486,0.287838775579298
7133320,0.000460077462731852,0.989553937848983,0.0099859846882847
7134086,0.000285910360454827,0.982263673861523,0.0174504157780227
7115154,0.000275261770857273,0.976197148235265,0.0235275899938777
7223279,0.0527333592693662,0.583487826964573,0.363778813766061
7135324,0.0263767764050109,0.893519900470551,0.0801033231244383
7140186,0.000465825981931868,0.973575144634587,0.0259590293834817
7208829,0.0193892332762849,0.856072541895055,0.12453822482866
7195591,0.203360767839085,0.460076816952475,0.33656241520844
7132576,0.0241373496666167,0.890751898831561,0.0851107515018227
7128756,0.00222415583263418,0.977947670420462,0.0198281737469032
7124104,0.17756618091873,0.367134332304887,0.455299486776383
7096061,0.000518192878126642,0.974019849756408,0.0254619573654657
7152668,0.262142685318316,0.387190339160984,0.350666975520701
7146106,0.086346742946531,0.564542510251184,0.349110746802285
7162304,0.021965573147036,0.73996991970872,0.238064507144244
7138891,0.000642677403064258,0.977003765874652,0.0223535567222834
7145131,0.00614023757677209,0.893528057161225,0.100331705262003
7109739,0.0306346797426919,0.745109044282067,0.224256275975241
7121138,0.0392074922894252,0.77379840477161,0.186994102938964
7119893,0.0395478858873695,0.76449035569839,0.195961758414241
7180107,0.177919341620896,0.318581964776471,0.503498693602633
7197581,0.00502613766233682,0.911948216073551,0.083025646264112
7146503,0.0560833824970619,0.714620528597266,0.229296088905673
7165066,0.0966151005579001,0.609897303445106,0.293487595996994
7126403,0.180115101553951,0.351889426456903,0.467995471989145
7152179,0.00290598357003461,0.937078273139469,0.0600157432904964
7113375,0.205727454182832,0.456232708174384,0.338039837642784
7228553,0.00682895464434015,0.950111250562488,0.0430597947931716
7200224,0.0824278084440749,0.532698069389026,0.384874122166899
7111118,0.0977802281401258,0.507538890454609,0.394680881405265
7159977,0.234026376449504,0.257838676775834,0.508134946774663
7156707,0.0895598578441768,0.57859510763901,0.331845034516813
7101317,0.00436752857959831,0.922559970338169,0.0730725010822325
7225762,0.0441692970276761,0.666686099065652,0.289144603906671
7208269,0.044241109739676,0.714246932549834,0.24151195771049
7093542,0.048336072408143,0.638977781930979,0.312686145660878
7165907,0.00247118595252901,0.978020244981212,0.019508569066259
7170729,0.0793862857154196,0.561280355182738,0.359333359101842
7132997,0.208203765199455,0.372886533577235,0.41890970122331
7118099,0.00849141410852543,0.905412345836728,0.0860962400547465
7091365,0.0657531172742894,0.567892537358498,0.366354345367213
7140656,0.0322965576202905,0.731255155934583,0.236448286445126
7158052,0.0979623810939405,0.727562555754753,0.174475063151306
7099910,0.0191939481396219,0.835243536392877,0.145562515467501
7150580,0.312296091117665,0.304091136806018,0.383612772076317
7098239,0.163390643183331,0.524517962986123,0.312091393830546
7197078,0.00639554073412014,0.897999539248734,0.0956049200171458
7162719,0.106715009647061,0.47576441666307,0.417520573689869
7211853,0.0641130940283515,0.619557900947956,0.316329005023692
7097605,0.0578233064826205,0.714856697435303,0.227319996082077
7101194,0.017456278014971,0.918141692661769,0.0644020293232597
7133240,0.0569107583715725,0.846170177925879,0.0969190637025488
7108891,0.0282762144523649,0.824600700021134,0.147123085526501
7117383,0.00914051685492303,0.885465502511798,0.105393980633279
7093570,0.370901302574718,0.157516192037809,0.471582505387473
7227943,0.0105790307634957,0.943081260498695,0.0463397087378096
7188441,0.0209600421251083,0.799417912666267,0.179622045208625
7123083,0.125720564129813,0.587249684519773,0.287029751350415
7200547,0.0519207846152739,0.755017431959942,0.193061783424784
7112964,0.0914761818689143,0.56077977381241,0.347744044318676
7196283,0.0020113628715568,0.975695107287687,0.0222935298407561
7122998,0.000116647552099424,0.987761496146105,0.0121218563017952
7143211,0.0155781118394771,0.820641002118057,0.163780886042466
7096958,0.0519397728976322,0.82095461103472,0.127105616067647
7212066,0.00898503006221486,0.887027213021164,0.103987756916621
7224977,0.00364221230730837,0.93485882350924,0.0614989641834516
7164077,0.0149366233420795,0.810659183149747,0.174404193508173
7189663,0.0126502455182902,0.878555294037899,0.108794460443811
7191992,0.0962975245859908,0.570315695522941,0.333386779891068
7096628,0.00268450811489501,0.944125996191698,0.0531894956934071
7128513,0.144415292176961,0.456673066174814,0.398911641648225
7145258,0.0172500032155145,0.827751937200214,0.154998059584272
7121447,0.030452672489033,0.777040744196536,0.192506583314431
7175233,0.0991727913658862,0.63893926691043,0.261887941723684
7214718,0.0258208468213162,0.737253612949933,0.236925540228751
7097227,0.315962527496425,0.380278717810847,0.303758754692728
7129717,0.281716683264834,0.348336345922359,0.369946970812807
7213268,0.014377083836905,0.934792108938947,0.0508308072241481
7215152,0.0123803670622784,0.924629898321585,0.0629897346161362
7116433,0.00444349779892839,0.884849134209943,0.110707367991129
7134839,0.1120575304192,0.39156457842667,0.496377891154131
7132340,0.00491881043560258,0.868203892914403,0.126877296649995
7178261,0.0456974398011279,0.686206105822407,0.268096454376465
7110722,0.126741318975913,0.444811615368293,0.428447065655795
7117144,0.000679126424790557,0.980385880699355,0.0189349928758548
7105336,0.050859132610502,0.834228714306065,0.114912153083433
7099855,0.142162843036037,0.437542051576228,0.420295105387735
7230152,0.0423161154974885,0.838372299487746,0.119311585014766
7231519,0.0169983125314457,0.877642211548024,0.10535947592053
7145921,0.276082903762245,0.3285995510168,0.395317545220955
7110847,0.072872866744192,0.56352614444405,0.363600988811758
7112314,2.17345616487996e-06,0.997329230804658,0.00266859573917753
7104891,0.0551254671253448,0.6478999686087,0.296974564265955
7172700,0.0912457725940457,0.644182866440903,0.264571360965051
7200298,0.118289049292383,0.436229023776877,0.44548192693074
7171498,0.316110740371665,0.220287399186651,0.463601860441684
7154611,0.0377194863709309,0.733695176157363,0.228585337471706
7527148,0.0168889569465008,0.849734198273547,0.133376844779952
7157154,0.191440013824829,0.382319270512489,0.426240715662682
7137663,0.025519942015459,0.749321534211933,0.225158523772607
7195515,0.000673601171877009,0.960354404926346,0.0389719939017765
7217169,0.117625003459896,0.575024203885288,0.307350792654816
7209350,0.0324397329492609,0.745392077985562,0.222168189065177
7163306,0.153234118700484,0.489062290452488,0.357703590847029
7197474,0.0218837133016794,0.830417560652721,0.1476987260456
7231004,0.00283990382253968,0.936027816783246,0.0611322793942139
7159380,0.00663934347688202,0.884314270919402,0.109046385603716
7123572,0.00239085436786227,0.931885920455018,0.0657232251771196
7191368,0.105109171784449,0.612467731053049,0.282423097162502
7152555,0.0012005554332482,0.967046437660815,0.0317530069059364
7216308,0.0453598272055638,0.661985610348489,0.292654562445947
7089607,0.0493022109671268,0.632470472966743,0.31822731606613
7146576,0.0464603083485528,0.775948903447655,0.177590788203793
7226283,0.0350832500495077,0.784492978523825,0.180423771426667
7154617,0.104729734575368,0.521883986172756,0.373386279251877
7155290,0.000184122914016401,0.993945212344054,0.00587066474192932
7088441,0.00741233843617963,0.852012009171406,0.140575652392414
7193312,0.0042648623327975,0.960558603460765,0.0351765342064373
7221535,0.0178540145407924,0.782301458783213,0.199844526675995
7142402,0.00047211205402719,0.975456896760421,0.024070991185552
7135382,0.24244609903567,0.245193113875859,0.512360787088471
7152982,0.000316659963840703,0.977897549783341,0.021785790252818
7158841,0.190277577274543,0.377381434763489,0.432340987961968
7106533,0.0126270511892567,0.917517711524266,0.0698552372864769
7112395,0.176550585035104,0.383002303868763,0.440447111096133
7154174,0.089623360100994,0.530285282200687,0.380091357698319
7091023,0.0156581531662536,0.927994218015132,0.0563476288186141
7135662,0.00106655423967188,0.959733709959993,0.0391997358003354
7116134,0.0452235771686154,0.762088349832573,0.192688072998811
7234345,0.00028900047649725,0.983191421507522,0.0165195780159811
7193206,0.020533281229553,0.812937797476998,0.166528921293449
7216912,0.01760901621188,0.82054713004844,0.16184385373968
7095936,0.0103936754075983,0.87946485207677,0.110141472515632
7093169,0.250533465657864,0.246617835724709,0.502848698617427
7144609,0.0537216539793477,0.839310574758475,0.106967771262177
7167712,0.136849949234687,0.541772124532752,0.321377926232561
7231483,0.0184846241969194,0.812020559294332,0.169494816508749
7206594,0.106462206732187,0.632792224490587,0.260745568777226
7202822,0.123321858527239,0.734841036834611,0.14183710463815
7225587,0.203299585963002,0.47573248842691,0.320967925610088
7123487,0.0223326691080917,0.833195642437777,0.144471688454131
7211664,0.0380920090861073,0.75784901057854,0.204058980335352
7222295,0.0753194386391442,0.583282272417062,0.341398288943794
7158858,0.0149303500424175,0.749521470593655,0.235548179363928
7167084,0.00236707772338091,0.946225215314204,0.0514077069624154
7147023,0.000543238097473498,0.959531453553867,0.0399253083486596
7151465,0.111402275068494,0.58273908378235,0.305858641149156
7222897,0.00941660363547579,0.88709418704047,0.103489209324054
7141466,0.0487845946732932,0.650930812351338,0.300284592975368
7151245,0.22977998248569,0.470010792975641,0.30020922453867
7092884,0.253277590589254,0.303299315133291,0.443423094277455
7180533,0.000735379692070627,0.956978202843122,0.0422864174648077
7098208,0.0461000358035384,0.74312185816544,0.210778106031021
7205075,0.0151222155213629,0.914892548485156,0.0699852359934809
7219170,0.0022805396799331,0.970494795722857,0.0272246645972098
7114428,0.0156902943697411,0.931957117430622,0.052352588199637
7167998,0.00711981158290163,0.866817127931962,0.126063060485137
7201569,0.110161236316056,0.486786636419049,0.403052127264895
7195872,0.0331426596283721,0.789734234441248,0.17712310593038
7116018,0.00716892301122394,0.909837793469509,0.0829932835192672
7134452,0.240221524336511,0.376004714597876,0.383773761065613
7126258,0.0922012525891945,0.548291183569998,0.359507563840808
7159955,0.000595295879774941,0.970809204048708,0.028595500071517
7202040,0.254347129401266,0.360316018212407,0.385336852386327
7138245,0.000321900723246893,0.992255253330148,0.00742284594660566
7131617,0.184164339008877,0.383046696016668,0.432788964974455
7092359,0.200436558267387,0.550605698469761,0.248957743262852
7171511,0.143547500349071,0.492939206677535,0.363513292973394
7221698,0.181643061714239,0.42881256759294,0.389544370692821
7156581,0.267425151777393,0.311389238781975,0.421185609440632
7192499,0.0430553322909345,0.663790427055981,0.293154240653085
7135284,0.0011909196329743,0.960479359640322,0.038329720726704
7171847,0.0353221412233899,0.889103145401686,0.0755747133749242
7222777,0.0016703300598279,0.981156179523756,0.0171734904164163
7171334,0.0344572712373668,0.708840300018182,0.256702428744451
7171255,0.156940576443773,0.528829851479004,0.314229572077223
7177354,0.108042872896328,0.755850055327217,0.136107071776455
7168405,0.11090747692394,0.32689062845306,0.562201894623001
7092661,0.0646256921114235,0.630751782807555,0.304622525081022
7099405,0.338637664312806,0.207050211378258,0.454312124308935
7137567,0.11728617778973,0.620884755260508,0.261829066949762
7197379,0.0488532598690922,0.620576704916067,0.330570035214841
7211473,0.0228113510483111,0.770073252530167,0.207115396421522
7206690,0.0394258045226133,0.703516834252256,0.257057361225131
7168685,0.0483172000100741,0.667542596127582,0.284140203862344
7186108,0.00665812086602515,0.844181253844827,0.149160625289148
7233078,0.0766845872295904,0.583833160455081,0.339482252315329
7193452,0.000730818553317191,0.96766799822318,0.031601183223503
7092293,0.132330995916416,0.469710463743901,0.397958540339683
7154744,0.00665652197064061,0.901150808023584,0.0921926700057748
7177795,0.140369513818151,0.406970799945178,0.452659686236671
7217396,8.07382066355033e-05,0.994333519260656,0.005585742532708
7099774,0.0822270610112262,0.638465856050922,0.279307082937852
7151829,0.00350696991603963,0.919066590856014,0.0774264392279464
7218278,0.0381435943748072,0.735116919613547,0.226739486011645
7096347,0.19104130826005,0.440550451424831,0.36840824031512
7091265,0.0209067216448877,0.720606661510739,0.258486616844374
7096577,0.132082117547381,0.40732818889278,0.460589693559839
7205100,0.241226979192741,0.3879413246466,0.370831696160659
7172104,0.0432217753880721,0.753968605816046,0.202809618795882
7226090,0.00062420792892794,0.950879253317138,0.0484965387539338
7120664,0.0262818702063246,0.747425745478171,0.226292384315504
7148368,0.125821837030997,0.608602396869926,0.265575766099077
7139805,0.0116798979270421,0.821295568313408,0.16702453375955
7114148,0.000527633955123063,0.957216708162621,0.0422556578822564
7233179,0.0236626808570205,0.739393602967873,0.236943716175106
7188271,0.0333249155406344,0.759904325874241,0.206770758585125
7207487,0.231841613201919,0.450960203276769,0.317198183521313
7156246,0.0226314382144449,0.898440495773014,0.0789280660125409
7149549,0.0289921323783766,0.767375494607673,0.20363237301395
7167990,0.0895844872649123,0.603330397137037,0.307085115598051
7173161,0.316605505486867,0.318657519870404,0.364736974642729
7104485,0.0487845946732932,0.650930812351338,0.300284592975368
7105791,0.129955103332648,0.564287548438503,0.305757348228849
7531296,0.01393209796825,0.858905472982041,0.127162429049709
7202274,0.00311230650767192,0.97410466560393,0.0227830278883977
7233364,0.126820852313908,0.472769156391256,0.400409991294836
7127434,0.0104666842630191,0.850539211436782,0.138994104300199
7208396,0.13250284169914,0.417327635082607,0.450169523218253
7223730,0.0827831902331377,0.672932237850349,0.244284571916513
7104340,0.0205201350741489,0.779972153165391,0.19950771176046
7110181,0.0203260638267324,0.737953815415016,0.241720120758252
7148577,0.284100208992876,0.399162123811032,0.316737667196092
7104852,0.0893663341107423,0.63894299094662,0.271690674942638
7147973,0.0452139977387582,0.762703297719195,0.192082704542047
7230600,0.0663686738097432,0.628870445940954,0.304760880249302
7103439,0.017378070101327,0.840414530652952,0.142207399245721
7106684,0.000145988980719208,0.994440554734015,0.00541345628526561
7172862,0.0855530898403535,0.54783710403964,0.366609806120006
