"listing_id","rf_high","rf_low","rf_medium"
7170325,0.0983207225982196,0.539397771505023,0.362281505896758
7092344,0.0302547013142606,0.690083585899919,0.279661712785821
7158677,0.028250166524781,0.693785268553777,0.277964564921442
7211212,0.0952708765234205,0.577704040573156,0.327025082903424
7225292,0.0172841049385883,0.868134407611286,0.114581487450126
7226687,0.0540395642814944,0.767217774683523,0.178742661034982
7126989,0.0624015785791922,0.680565328643537,0.257033092777271
7114138,0.179392568606104,0.411289942807339,0.409317488586557
7131094,0.102040509157386,0.592397773689892,0.305561717152723
7224815,0.0197757819146272,0.808157611466119,0.172066606619254
7107333,0.0103721995959949,0.881355522231508,0.108272278172497
7088993,0.152231760901705,0.412169107610643,0.435599131487652
7216312,0.124712779865018,0.4569057367011,0.418381483433882
7140668,0.0540829219085442,0.679069920785241,0.266847157306215
7141160,0.00481522768750557,0.890902728675503,0.104282043636992
7753784,0.00881161280655237,0.937069655100695,0.0541187320927531
7140840,0.0154501100062254,0.798946596013333,0.185603293980442
7172046,0.188762890238169,0.413674871502434,0.397562238259398
7168225,0.0133158293474364,0.81793345160074,0.168750719051823
7213185,0.0270054703638528,0.874064451715798,0.0989300779203489
7206465,0.0612687061698608,0.673939362855179,0.26479193097496
7134612,0.0162136672846081,0.897921296110521,0.0858650366048706
7156935,0.00544449631617183,0.928606789312586,0.0659487143712425
7096161,0.0398204055523545,0.769022623595017,0.191156970852628
7131812,0.078789863615158,0.606862046428486,0.314348089956356
7185840,0.0831766511168444,0.639665556643369,0.277157792239787
7114220,0.00507720460653995,0.947989563223659,0.0469332321698012
7231209,0.0241335779657102,0.806715730181262,0.169150691853028
7229242,0.047251741755798,0.719963935760004,0.232784322484198
7089887,0.0576276848266387,0.585152660550621,0.35721965462274
7217009,0.0822631488425151,0.640983142971593,0.276753708185892
7167986,0.303424046232563,0.424129225000646,0.272446728766791
7126940,0.0240547385953349,0.820475884457775,0.15546937694689
7159596,0.0452628298695922,0.6816928214293,0.273044348701108
7111210,0.227414393814669,0.405212148195693,0.367373457989638
7152345,0.135802070347032,0.53548796166871,0.328709967984258
7204899,0.0264380790223536,0.733735762083998,0.239826158893649
7230245,0.257038160827078,0.510647303230161,0.232314535942762
7211226,0.0788712658329253,0.699747945110747,0.221380789056328
7195563,0.0188504396128886,0.860199788667329,0.120949771719782
7181313,0.13109636029019,0.541226678162475,0.327676961547335
7206858,0.0126254114559873,0.882891452062041,0.104483136481972
7126878,0.085005843660255,0.640751058819418,0.274243097520327
7174518,0.0194446689106686,0.896755910285703,0.0837994208036289
7209804,0.0234293269077231,0.721196210177485,0.255374462914792
7119598,0.0034459424920562,0.936695316985197,0.0598587405227468
7133917,0.00524427556815446,0.956857622027203,0.0378981024046429
7174224,0.0756898408013545,0.649286697808894,0.275023461389751
7157060,0.016591083698616,0.74788132177122,0.235527594530164
7173006,0.0751280533419647,0.789243852267124,0.135628094390911
7216314,0.0393313881389122,0.857376306359971,0.103292305501117
7219476,0.00775157110670054,0.922454038036564,0.0697943908567356
7139119,0.0044008964032248,0.930394058886179,0.065205044710596
7206653,0.0425120100804789,0.700440878098894,0.257047111820627
7091061,0.0551065783632419,0.656321130327511,0.288572291309247
7097027,0.0120560845839065,0.856606542667065,0.131337372749028
7106145,0.108178575237257,0.566294551691997,0.325526873070746
7167352,0.0209294047522867,0.774385530580413,0.2046850646673
7168370,0.0268305599118766,0.818984700258578,0.154184739829545
7097907,0.0866847664253483,0.640200879280936,0.273114354293715
7231268,0.124053999471023,0.553944618484799,0.322001382044178
7136953,0.0722711525553896,0.562495483981156,0.365233363463455
7163499,0.00419394161438345,0.941364697998786,0.0544413603868311
7205089,0.0440776188450852,0.710503491546244,0.245418889608671
7215442,0.0210909247858655,0.831188702237429,0.147720372976706
7221305,0.0290018928415855,0.775656626137503,0.195341481020911
7218351,0.0305852517275802,0.747658154368697,0.221756593903723
7148695,0.107924925592607,0.552325175460342,0.339749898947051
7134031,0.100311172954763,0.565748391218655,0.333940435826582
7194919,0.0341808741572456,0.68259917602586,0.283219949816895
7198551,0.0024053616638658,0.964679207653478,0.032915430682656
7090836,0.00757322322705043,0.943690512811249,0.048736263961701
7129585,0.0431388712056594,0.674739378086441,0.2821217507079
7107617,0.0846247623305657,0.625769933563072,0.289605304106362
7232120,0.0919118065720451,0.529101476884402,0.378986716543553
7158471,0.0528161889185109,0.823113664118103,0.124070146963386
7117491,0.026510493658015,0.88666894332948,0.086820563012505
7194997,0.0112199773875033,0.897951218889989,0.090828803722508
7184842,0.174401372437786,0.488011421875631,0.337587205686583
7111019,0.042618575111679,0.724709956202164,0.232671468686157
7149858,0.0156985275319362,0.914910598964058,0.0693908735040056
7141788,0.023459538323999,0.725523709951392,0.251016751724609
7134172,0.0808290805396313,0.575954921075227,0.343215998385142
7233228,0.0343369733478876,0.720233158012018,0.245429868640095
7166956,0.0255894685190883,0.835247258420796,0.139163273060116
7134741,0.0993299763044069,0.629697155496944,0.270972868198649
7148587,0.0159036228184922,0.923042789270201,0.0610535879113065
7114391,0.117300139584452,0.567594788748254,0.315105071667294
7210245,0.0176535284316531,0.831764220437301,0.150582251131046
7200221,0.261999698279406,0.365243070459152,0.372757231261442
7176451,0.00298057440940799,0.950595634245848,0.0464237913447444
7112578,0.00551760837186401,0.933871427405283,0.0606109642228535
7169964,0.135720665559155,0.473265809271924,0.391013525168921
7129699,0.106229963325007,0.591884493769827,0.301885542905166
7192613,0.016049482256784,0.776545319352846,0.20740519839037
7137236,0.0304495891343003,0.819347585403014,0.150202825462685
7129545,0.0221935085611373,0.822382746499318,0.155423744939545
7167474,0.124284077567072,0.534065459798947,0.341650462633981
7187520,0.00738421105573613,0.955002951365292,0.0376128375789718
7219030,0.0775791767157016,0.60937107416147,0.313049749122828
7194762,0.0718328414755398,0.575270331841692,0.352896826682768
7223079,0.0975409031315994,0.598507930802161,0.30395116606624
7197337,0.0711467373296332,0.678290865418706,0.250562397251661
7103559,0.0961193733542176,0.533804956755444,0.370075669890338
7112266,0.112550209722152,0.551127544768929,0.336322245508919
7172018,0.0840163180232576,0.496222611145612,0.41976107083113
7161834,0.0965612551647307,0.627165663688645,0.276273081146625
7135375,0.0859985138175575,0.650636883146757,0.263364603035685
7129249,0.0418661444269234,0.758578093225369,0.199555762347708
7125143,0.018565098184914,0.781410009988907,0.200024891826179
7151407,0.334774625523124,0.284437816322473,0.380787558154403
7223550,0.00668591326248713,0.930591383225194,0.0627227035123193
7223021,0.138553532499676,0.510982775283676,0.350463692216648
7174183,0.0435659825025061,0.689649492528253,0.266784524969241
7202273,0.0198002667683703,0.862350532587175,0.117849200644455
7161696,0.110353530185176,0.575542010956337,0.314104458858487
7225795,0.0267573621520182,0.839873133334232,0.13336950451375
7095668,0.00594430324768854,0.93873020399511,0.0553254927572012
7234386,0.201180127061568,0.42489869943242,0.373921173506012
7230215,0.200156024034214,0.44527954124341,0.354564434722376
7127331,0.0393491669830085,0.755701062806377,0.204949770210614
7167945,0.0546567091841321,0.696283597944783,0.249059692871085
7190799,0.0298950827685433,0.703089040140803,0.267015877090653
7120422,0.0189514805608572,0.816228407325867,0.164820112113275
7220083,0.0268193696458194,0.839233618508605,0.133947011845575
7103388,0.150701149198248,0.547732146480638,0.301566704321114
7163634,0.344388193055104,0.31401082903132,0.341600977913576
7124748,0.139292054449373,0.435017390492746,0.425690555057881
7220833,0.139268621429923,0.434913283940823,0.425818094629254
7214952,0.0654849723919581,0.679774580333941,0.254740447274101
7116891,0.0910107332605225,0.593853837846479,0.315135428892998
7137270,0.0985860973653507,0.631753536695804,0.269660365938846
7137935,0.0531691423796821,0.81810757404548,0.128723283574838
7150092,0.111342183257719,0.647054178315007,0.241603638427274
7144140,0.00927113824682414,0.939279153843222,0.0514497079099542
7100389,0.0855848820092322,0.629804825334292,0.284610292656476
7221077,0.0465078854422832,0.614966665103529,0.338525449454187
7219078,0.0283405139017896,0.694231448047554,0.277428038050656
7095541,0.00212976445082311,0.959853226974102,0.0380170085750745
7203328,0.110880000967009,0.514275055369553,0.374844943663438
7087981,0.0471333881198867,0.638613363898206,0.314253247981907
7229492,0.0433459411950624,0.740122965188011,0.216531093616927
7206615,0.0961750124779346,0.655879254811238,0.247945732710828
7120758,0.152068926738117,0.48626979477216,0.361661278489723
7107623,0.0803505353981745,0.598214611015302,0.321434853586524
7136685,0.0927518395672592,0.640803904957843,0.266444255474897
7146873,0.0672386329298632,0.753277453564063,0.179483913506074
7173496,0.157610933504286,0.435642486046855,0.406746580448859
7223131,0.060041606947659,0.681153745390428,0.258804647661913
7126261,0.229095302296505,0.365046060727115,0.40585863697638
7153662,0.126870563292922,0.667988970815374,0.205140465891705
7096174,0.173080422044179,0.459127214603972,0.367792363351849
7169773,0.0133555808999296,0.921637505821586,0.0650069132784842
7166336,0.0481108720041918,0.784105695120883,0.167783432874925
7214496,0.014120662203235,0.856424618630274,0.129454719166492
7132195,0.0668531719585177,0.61468578161757,0.318461046423912
7105198,0.0191864010963641,0.803368272232206,0.17744532667143
7105648,0.0120159730957034,0.83022343348776,0.157760593416536
7112992,0.00512355122372562,0.921724588547185,0.073151860229089
7192198,0.0444892955702464,0.644872697537743,0.310638006892011
7105389,0.112055280047811,0.519525755041569,0.36841896491062
7120917,0.0277593385447008,0.814970524681617,0.157270136773682
7136806,0.23260395693658,0.40823408546646,0.35916195759696
7109319,0.0907849126446482,0.621362499281172,0.28785258807418
7115282,0.0277390109848493,0.733287720362816,0.238973268652334
7146676,0.0347713216836877,0.747738732006477,0.217489946309836
7215893,0.0249489309470045,0.907140605849129,0.0679104632038661
7165629,0.106769106818749,0.55971090116177,0.33351999201948
7219540,0.166340914064384,0.619941751710056,0.213717334225561
7136465,0.0583650600430158,0.804146824531626,0.137488115425358
7232225,0.0801077064977001,0.654263040152724,0.265629253349576
7105202,0.0536042112894072,0.715165495278541,0.231230293432052
7126430,0.00854463018213533,0.895091053350591,0.0963643164672739
7111867,0.0231973096075197,0.835687860359401,0.141114830033079
7146798,0.022234688055795,0.798951369341715,0.17881394260249
7092134,0.125872424366821,0.481045249948827,0.393082325684352
7156595,0.211163873067862,0.406388197389519,0.382447929542619
7230524,0.119592004426641,0.519863108777056,0.360544886796303
7096089,0.0170539978244225,0.867241271406744,0.115704730768833
7204276,0.0269802168042674,0.667889895541691,0.305129887654042
7187503,0.011695936284937,0.909485610055514,0.0788184536595488
7157119,0.0602333035303761,0.648376815895443,0.291389880574181
7205310,0.0031896964855758,0.957049900840623,0.0397604026738011
7116785,0.0925414380533706,0.581446474687591,0.326012087259039
7220345,0.0103850164049971,0.927361369594608,0.0622536140003949
7213335,0.0206409549007929,0.863582270004235,0.115776775094972
7226774,0.0367173894063002,0.66834474980696,0.29493786078674
7139673,0.00649703653982749,0.944002256241783,0.0495007072183897
7158994,0.211658994138532,0.405173022436108,0.38316798342536
7233238,0.0242599925861533,0.871198893805271,0.104541113608575
7139917,0.16284203586646,0.500385228031307,0.336772736102232
7141300,0.112038200383212,0.603606929196664,0.284354870420123
7145411,0.040465959916291,0.78398915489845,0.175544885185259
7207430,0.0684823069007991,0.798035771744818,0.133481921354382
7125901,0.0355340845460829,0.866025000526652,0.0984409149272646
7148635,0.0327264392747606,0.774944113313345,0.192329447411895
7190493,0.0112189733610814,0.905561511574554,0.083219515064365
7183609,0.189064105863322,0.41267486538474,0.398261028751938
7105489,0.118131307595686,0.44696995336944,0.434898739034874
7199702,0.0392404676244,0.713953151208907,0.246806381166693
7699396,0.0870837069559124,0.647078904034179,0.265837389009908
7187542,0.0385218035286844,0.840918759820248,0.120559436651068
7203495,0.029128189956121,0.605855167263088,0.365016642780791
7154804,0.0953960791288322,0.541384132221834,0.363219788649334
7213096,0.070740932543156,0.772589236451695,0.156669831005149
7229112,0.00752068819959133,0.882104935456999,0.11037437634341
7195985,0.0136872012202512,0.805395503049259,0.18091729573049
7128989,0.167770311597376,0.510891522123942,0.321338166278682
7201340,0.0940788058236307,0.605546844873056,0.300374349303313
7160416,0.0337956410986953,0.772021449393052,0.194182909508252
7145487,0.00558990328855271,0.906751143561112,0.0876589531503351
7132045,0.0506980238444588,0.630865683183335,0.318436292972206
7127946,0.0899702934096397,0.741467750097065,0.168561956493295
7164531,0.03784685476885,0.721360945330681,0.240792199900469
7221942,0.205460491222452,0.402978887764406,0.391560621013142
7192439,0.0280257414186784,0.831577818593935,0.140396439987387
7140922,0.110965920487569,0.57848067677543,0.310553402737001
7181426,0.115648257211495,0.56716907834957,0.317182664438936
7088015,0.00211919310013719,0.965411228417537,0.0324695784823255
7162106,0.0623731480021944,0.602647168971825,0.33497968302598
7138311,0.0137538660840778,0.926680663721346,0.059565470194576
7188806,0.0830660103998347,0.61090691323252,0.306027076367646
7164370,0.0087310027917507,0.91366896028057,0.0776000369276789
7162259,0.0220375720935452,0.857274518163483,0.120687909742972
7131606,0.192304486304528,0.389813450502459,0.417882063193013
7204441,0.0696929477233044,0.672982469431578,0.257324582845117
7189092,0.112403183221812,0.572336782355428,0.31526003442276
7119739,0.0234787296972393,0.824511860665866,0.152009409636894
7099579,0.0269414651253153,0.805375569052153,0.167682965822532
7164940,0.0838567045848177,0.591506923800386,0.324636371614796
7091677,0.0592716948216364,0.685492350063439,0.255235955114925
7159173,0.0167170220024118,0.797169890507123,0.186113087490465
7144584,0.00192235763694582,0.979005843598926,0.0190717987641278
7170465,0.0548839659077833,0.700190973665601,0.244925060426616
7145105,0.0289075229380438,0.78353392061701,0.187558556444947
7174989,0.0181999158177282,0.832095648915326,0.149704435266946
7187660,0.0367071484017698,0.847339771920469,0.115953079677761
7101204,0.0163838309672958,0.90123061999954,0.0823855490331644
7174250,0.120013857412777,0.65050017358301,0.229485969004214
7206561,0.032782718637059,0.759996210288248,0.207221071074693
7168239,0.0132247746488804,0.887782401135413,0.0989928242157061
7115466,0.151824070096447,0.482738968470938,0.365436961432614
7150492,0.0633691048671632,0.66197022714591,0.274660667986927
7200687,0.120453410142618,0.531946305331844,0.347600284525537
7118336,0.0707474689216267,0.670386580471328,0.258865950607046
7113766,0.143838453938416,0.410957088398389,0.445204457663195
7234398,0.0623702073524172,0.691506635901362,0.246123156746221
7219996,0.0640013808256965,0.792006016353387,0.143992602820916
7166766,0.0852658898428571,0.637142126521242,0.277591983635901
7168961,0.108583731136096,0.520123811507249,0.371292457356655
7091303,0.233919869389432,0.363575886932264,0.402504243678304
7113377,0.238688106867906,0.32760217556941,0.433709717562684
7116917,0.160705109879323,0.508135636206303,0.331159253914374
7157778,0.030456340394241,0.78819501663487,0.181348642970889
7143672,0.0050937112499837,0.956547325532245,0.0383589632177716
7185468,0.0940915651930463,0.488387369416366,0.417521065390587
7209367,0.102714687962724,0.525042970462309,0.372242341574967
7131313,0.0357333919051493,0.783895675550736,0.180370932544115
7090615,0.0137476193181381,0.79022783334173,0.196024547340132
7119653,0.0572327587578476,0.745693997779999,0.197073243462153
7214357,0.0174337729257123,0.825929454604462,0.156636772469826
7190958,0.264472893390313,0.390765993208617,0.34476111340107
7185090,0.017939249369282,0.821439331584681,0.160621419046037
7106402,0.0584901820517277,0.820379781259117,0.121130036689155
7091710,0.127948929408021,0.456663393475182,0.415387677116797
7229732,0.0107848588006467,0.845214282241215,0.144000858958138
7191894,0.177940304369752,0.470376742611426,0.351682953018822
7110757,0.0244483800246452,0.718228487781739,0.257323132193616
7099217,0.098604553111496,0.553951314289141,0.347444132599363
7225712,0.0331642290675338,0.751513356624649,0.215322414307817
7168382,0.0349766329206723,0.816976748793856,0.148046618285472
7233700,0.0393044727518093,0.699148489355311,0.26154703789288
7194838,0.269754002805109,0.396864764832924,0.333381232361967
7087718,0.0938475930038051,0.70902551472527,0.197126892270925
7176108,0.159827062034764,0.468082903696837,0.372090034268399
7208072,0.086604603132219,0.540514984531005,0.372880412336776
7223233,0.0822499914989669,0.596964426261518,0.320785582239515
7142533,0.102634598932168,0.576301985811476,0.321063415256356
7102561,0.102139570440377,0.585340339206877,0.312520090352745
7151758,0.0650176210583674,0.738086334974001,0.196896043967632
7155462,0.0697346069208205,0.610283478700804,0.319981914378376
7192662,0.0551126962749595,0.590284143726511,0.35460315999853
7158810,0.0769620446455819,0.563373268398502,0.359664686955916
7170591,0.112364326740592,0.553901523448014,0.333734149811394
7300648,0.38419364682712,0.255108499670634,0.360697853502246
7147363,0.313896171192692,0.391807460209585,0.294296368597723
7099751,0.105938421987357,0.525726937092711,0.368334640919932
7210590,0.0388163245545393,0.780036810704803,0.181146864740657
7153703,0.0976867892857111,0.800013819620135,0.102299391094154
7204272,0.13512996027786,0.556786444538873,0.308083595183266
7121308,0.247282662454925,0.420564808713854,0.332152528831222
7168526,0.0705710801083153,0.599926894254734,0.329502025636951
7114682,0.0531364295096908,0.835921441689675,0.110942128800634
7223738,0.00455432130581922,0.939612350572969,0.0558333281212122
7134558,0.223848925898313,0.429126911616445,0.347024162485242
7226520,0.0236651108596463,0.812912568031141,0.163422321109212
7112715,0.0024687902073187,0.941022744456806,0.0565084653358752
7087774,0.0488718104221397,0.803489336420415,0.147638853157445
7161513,0.0581587350929429,0.671713828088005,0.270127436819052
7179526,0.00624016391012654,0.950799676147251,0.0429601599426224
7224031,0.0950509619501162,0.553941898127089,0.351007139922795
7207741,0.0716775160732959,0.646854240293932,0.281468243632772
7106492,0.0191388996405859,0.901052044701646,0.079809055657768
7158913,0.0930265267535723,0.57303795016454,0.333935523081888
7173462,0.0930905062529455,0.492097764107999,0.414811729639056
7200621,0.104021595213801,0.555009376782469,0.34096902800373
7187028,0.2650564086367,0.465958316634379,0.268985274728921
7125363,0.0337993908467481,0.762821011800758,0.203379597352494
7130366,0.00238307573846855,0.938641332718531,0.0589755915430001
7139958,0.0105082368492291,0.933538117729583,0.0559536454211881
7208769,0.0170958595528518,0.801216072280909,0.181688068166239
7103416,0.0141260922553277,0.843417482996361,0.142456424748311
7090765,0.0298146410942084,0.87480226642193,0.0953830924838617
7117601,0.118407681599959,0.552015499604802,0.329576818795239
7137984,0.0129570940174751,0.910882265359168,0.0761606406233566
7100838,0.0305119929831014,0.900638637574167,0.068849369442732
7144427,0.142215910559312,0.552874061032246,0.304910028408443
7135068,0.0683315006499081,0.651373163443489,0.280295335906603
7202577,0.039026666647823,0.799788463036881,0.161184870315296
7156817,0.0442582504476787,0.561190058396979,0.394551691155343
7137239,0.0795017744869628,0.664320306165382,0.256177919347655
7206216,0.00504254609669363,0.926398879594758,0.0685585743085481
7110900,0.109432270471031,0.535506100382294,0.355061629146675
7214414,0.0698217442759465,0.680770595667811,0.249407660056243
7130424,0.19572063269615,0.41232294668033,0.391956420623519
7152362,0.0386412609165126,0.82499926717511,0.136359471908377
7088531,0.0153503917263533,0.806456873892067,0.17819273438158
7168341,0.0582551879304208,0.764641963240243,0.177102848829336
7159381,0.0201472198733871,0.751076284983204,0.228776495143409
7164902,0.265099771047054,0.377704326953961,0.357195901998986
7124373,0.0252106207483162,0.858117143355774,0.11667223589591
7230906,0.10860491664685,0.451377811501908,0.440017271851243
7184708,0.27060506192249,0.311222307380343,0.418172630697167
7193065,0.127606188872672,0.462193232657619,0.410200578469709
7166642,0.0553830534921059,0.793764120882033,0.150852825625861
7224785,0.116736939358749,0.561500865323794,0.321762195317457
7119275,0.126895841560333,0.537772223899293,0.335331934540374
7157285,0.0524728853435972,0.71191560595256,0.235611508703842
7217806,0.0988879652130385,0.613372320311241,0.28773971447572
7091219,0.0392387341405824,0.651415180198304,0.309346085661114
7135976,0.00627734715320509,0.884579219982923,0.109143432863872
7201922,0.0871747733296511,0.681290143094685,0.231535083575664
7170059,0.0219648244902012,0.78879289623432,0.189242279275478
7129328,0.106567796827106,0.598574519503386,0.294857683669509
7160501,0.0112057644284534,0.84483843459791,0.143955800973637
7167754,0.0141260922553277,0.843417482996361,0.142456424748311
7215169,0.0273821071737422,0.7678122073035,0.204805685522758
7130741,0.0209922276777685,0.86502877502524,0.113978997296991
7157915,0.210453445001813,0.495079584303642,0.294466970694546
7153893,0.0303973792615747,0.871716969425471,0.0978856513129548
7175290,0.041852559036931,0.757688236125867,0.200459204837202
7222894,0.0113308981500027,0.941676149558803,0.0469929522911941
7127900,0.00184131634343491,0.965954127172619,0.032204556483946
7096090,0.0218256625150999,0.847754090653701,0.130420246831199
7143025,0.0585553452074534,0.627093891696927,0.314350763095619
7117553,0.0432066492429733,0.805961679320482,0.150831671436544
7185559,0.0867729070978769,0.49383697665277,0.419390116249353
7232795,0.121370012725475,0.465466404294201,0.413163582980325
7095707,0.0055830657447923,0.924567928938644,0.0698490053165633
7198777,0.146802492037758,0.416165357630896,0.437032150331347
7123382,0.065663677534112,0.703925522590347,0.230410799875541
7158186,0.0213600246843268,0.807757041765575,0.170882933550098
7126821,0.36435534510406,0.282604856549944,0.353039798345996
7171981,0.0538037148539835,0.669091811792634,0.277104473353383
7147974,0.131792522645151,0.503985656283244,0.364221821071605
7090493,0.0393753151982752,0.705880005320038,0.254744679481687
7092218,0.252298582555522,0.437848519848374,0.309852897596104
7088124,0.0135371294549676,0.871787679740167,0.114675190804866
7187536,0.0599391629122072,0.801187456692598,0.138873380395195
7088568,0.0099750931416871,0.911434526065377,0.0785903807929359
7166833,0.00420435004523728,0.9286318069487,0.0671638430060629
7088798,0.0850466507067354,0.512415468807041,0.402537880486224
7204708,0.0798312360419524,0.608881223586645,0.311287540371402
7103044,0.0200867571999428,0.832138953778008,0.147774289022049
7194049,0.0657904321672878,0.617482449619566,0.316727118213146
7169942,0.062415898589901,0.692503091381767,0.245081010028332
7170318,0.127469299886705,0.520303744881033,0.352226955232263
7165386,0.110327737050115,0.534754961169435,0.354917301780451
7206346,0.0792581523948517,0.711517845851125,0.209224001754024
7208337,0.0829587536555058,0.615400798943409,0.301640447401085
7140820,0.172983538049353,0.449290819091609,0.377725642859038
7194486,0.230359193227254,0.426175595882405,0.343465210890341
7105614,0.033686326152532,0.705781159285457,0.260532514562011
7178265,0.139111385144567,0.478476114393206,0.382412500462227
7439407,0.00667305685547863,0.935533199202783,0.0577937439417381
7135550,0.00490070843419,0.955171367820916,0.0399279237448942
7092435,0.0112186014062379,0.846047931729108,0.142733466864654
7189120,0.117560914887219,0.591918649861955,0.290520435250826
7127815,0.0610190987844876,0.823101060609636,0.115879840605876
7099446,0.0689305714531281,0.618424688235555,0.312644740311317
7123391,0.0331101885615749,0.796878116995845,0.17001169444258
7227520,0.028425989420478,0.824016363741357,0.147557646838165
7141615,0.0408093213168566,0.711505264813584,0.247685413869559
7185499,0.255256901519756,0.470467360718222,0.274275737762023
7150727,0.0558933828140577,0.752167379956424,0.191939237229518
7115250,0.0264017306256799,0.81256332668968,0.16103494268464
7182954,0.151435094616345,0.482864772074215,0.36570013330944
7212945,0.130792140583905,0.536743672768452,0.332464186647643
7214737,0.047506262194458,0.730693692164069,0.221800045641473
7162022,0.0880296661811896,0.622282622399902,0.289687711418908
7184817,0.0574802189088402,0.639462996295045,0.303056784796115
7126169,0.0478780419483573,0.616122858595481,0.335999099456161
7218092,0.0249970815326867,0.76826828148122,0.206734636986093
7130017,0.290689948199897,0.41255853515431,0.296751516645793
7158870,0.0219202802405734,0.778818787901095,0.199260931858331
7185260,0.0266687460689778,0.776901063470268,0.196430190460754
7133320,0.00621481728673089,0.946791415180459,0.0469937675328106
7134086,0.00418637204187578,0.960488525756384,0.0353251022017401
7115154,0.0129366852753425,0.884884213397625,0.102179101327033
7223279,0.0253720613168487,0.701544453200837,0.273083485482315
7135324,0.0540930629410178,0.814409307956299,0.131497629102683
7140186,0.00438057884670689,0.964351590027045,0.0312678311262479
7208829,0.00966301641663515,0.897420767025144,0.0929162165582211
7195591,0.202648083426716,0.434169942789873,0.363181973783411
7132576,0.0521027468185936,0.750308219892909,0.197589033288497
7128756,0.00449062419790902,0.956733534675351,0.03877584112674
7124104,0.113027346372395,0.549821812784441,0.337150840843164
7096061,0.00341238135137895,0.955784835038014,0.0408027836106068
7152668,0.31251895655952,0.346036483990029,0.341444559450451
7146106,0.0681810637338938,0.651951079432383,0.279867856833724
7162304,0.00955444569845755,0.828445987871973,0.16199956642957
7138891,0.00227370441780561,0.972027869572976,0.0256984260092187
7145131,0.0155298451656712,0.850248294563037,0.134221860271292
7109739,0.0332306718740781,0.81463257813588,0.152136749990042
7121138,0.0551763913567215,0.712650721599215,0.232172887044064
7119893,0.039639544603515,0.741655635061581,0.218704820334904
7180107,0.0592728298810126,0.553333469527783,0.387393700591205
7197581,0.00592249134180176,0.949221380629483,0.0448561280287157
7146503,0.0723232594175382,0.673506336834968,0.254170403747494
7165066,0.053607359104975,0.695697380468698,0.250695260426327
7126403,0.149072445676256,0.479603005527745,0.371324548795999
7152179,0.00477617028597194,0.95091234887831,0.0443114808357176
7113375,0.181675360150172,0.43154244815344,0.386782191696387
7228553,0.0109915517909952,0.899003435915734,0.0900050122932707
7200224,0.0773940896720431,0.541516118993381,0.381089791334576
7111118,0.0495111301485344,0.607289698770618,0.343199171080848
7159977,0.18373443498753,0.396878307660309,0.419387257352161
7156707,0.0977580325430866,0.548818746255295,0.353423221201618
7101317,0.00873067472738157,0.935590744277882,0.0556785809947361
7225762,0.0394524320640523,0.683804959460309,0.276742608475639
7208269,0.06912470741135,0.651103433276909,0.279771859311741
7093542,0.0952613771110277,0.59874258786268,0.305996035026293
7165907,0.00651054668899927,0.945584969115289,0.0479044841957122
7170729,0.0624143623947349,0.646115326720262,0.291470310885003
7132997,0.158338626088155,0.509342051337963,0.332319322573883
7118099,0.0116353489315223,0.943315729909657,0.0450489211588208
7091365,0.194253205926782,0.406375728246158,0.39937106582706
7140656,0.120200557193437,0.562287809790332,0.317511633016231
7158052,0.0941717783108042,0.774040814587418,0.131787407101778
7099910,0.190981238419109,0.478150865600656,0.330867895980235
7150580,0.239615898228809,0.422843290031942,0.337540811739249
7098239,0.147598354705994,0.532602323651098,0.319799321642909
7197078,0.0214919483550694,0.836468436666079,0.142039614978852
7162719,0.0950880009988275,0.507690608246431,0.397221390754742
7211853,0.0850795496743414,0.587842678530701,0.327077771794957
7097605,0.133262471335853,0.545144030745728,0.321593497918419
7101194,0.0307399440708527,0.870252248758487,0.0990078071706608
7133240,0.136564151241902,0.751164163458749,0.112271685299348
7108891,0.00869484319322842,0.929887427804302,0.0614177290024695
7117383,0.00820600715307086,0.854094495185777,0.137699497661152
7093570,0.248731165290769,0.335707509309641,0.41556132539959
7227943,0.0191599018427033,0.862299253200517,0.11854084495678
7188441,0.0289847130039018,0.805850355944458,0.16516493105164
7123083,0.108264320854042,0.643927172138364,0.247808507007594
7200547,0.0341178137335985,0.791953528601862,0.17392865766454
7112964,0.10932154642903,0.578057908726323,0.312620544844648
7196283,0.0103162783837284,0.867661622085613,0.122022099530658
7122998,0.00284370628250794,0.969107130301075,0.0280491634164173
7143211,0.0498658632559636,0.740530525345943,0.209603611398093
7096958,0.100087702876306,0.731297506027343,0.168614791096351
7212066,0.00578857955714,0.852040107097524,0.142171313345337
7224977,0.00296637204954667,0.948488141476016,0.0485454864744377
7164077,0.0552710062228981,0.717507220786677,0.227221772990425
7189663,0.0124442766983896,0.872752464336059,0.114803258965552
7191992,0.106639651710189,0.578740698220392,0.314619650069419
7096628,0.024625047800917,0.850266925841427,0.125108026357656
7128513,0.228780337209296,0.361033898054572,0.410185764736132
7145258,0.0122832363480659,0.869431488479383,0.118285275172551
7121447,0.0748806678464146,0.572336285478875,0.35278304667471
7175233,0.0505383008708101,0.72241667741275,0.22704502171644
7214718,0.0231689713109302,0.78005825236607,0.196772776323
7097227,0.327640198077941,0.428109430954627,0.244250370967432
7129717,0.275961431971332,0.373219423377972,0.350819144650696
7213268,0.0287082751116788,0.901142550522555,0.0701491743657664
7215152,0.045991213645963,0.85272273342664,0.101286052927397
7116433,0.0323860446038917,0.814446284347342,0.153167671048766
7134839,0.134454268246095,0.447160011850662,0.418385719903243
7132340,0.0188504396128886,0.860199788667329,0.120949771719782
7178261,0.0402827113919586,0.620836823749514,0.338880464858528
7110722,0.086384212691225,0.571778862584801,0.341836924723974
7117144,0.0126630698880505,0.935593393792969,0.0517435363189809
7105336,0.099314999764111,0.762226011681975,0.138458988553914
7099855,0.142567959678326,0.462776870450105,0.394655169871569
7230152,0.0449991511018065,0.849549733394832,0.105451115503361
7231519,0.0103148648763352,0.912360953399026,0.0773241817246385
7145921,0.240522626013003,0.361141001162969,0.398336372824028
7110847,0.0425131910206049,0.586190949389996,0.371295859589399
7112314,0.00786469372233221,0.958363771967617,0.0337715343100509
7104891,0.0203326341625021,0.752749256286534,0.226918109550964
7172700,0.103080922304721,0.57745830011047,0.319460777584809
7200298,0.0629914939875803,0.582327425567559,0.35468108044486
7171498,0.248298383606505,0.330000562837306,0.421701053556189
7154611,0.0447498756712533,0.668440495581292,0.286809628747455
7527148,0.010729004609218,0.803363634758431,0.185907360632351
7157154,0.139702251997668,0.438495975920607,0.421801772081725
7137663,0.0912256832715767,0.635238611367712,0.273535705360711
7195515,0.025622009383362,0.864816664579534,0.109561326037104
7217169,0.101271504105058,0.557322668682251,0.341405827212691
7209350,0.0892108621696426,0.634832679445429,0.275956458384928
7163306,0.213527475815109,0.408454005142294,0.378018519042598
7197474,0.0110693957360213,0.837759183284022,0.151171420979957
7231004,0.00653058962400146,0.940347166517242,0.0531222438587569
7159380,0.0138089411109661,0.874159771340197,0.112031287548837
7123572,0.00847688315561395,0.896342725424993,0.0951803914193935
7191368,0.0609302091241057,0.656770420431019,0.282299370444875
7152555,0.00235677914641336,0.975415611047663,0.0222276098059241
7216308,0.0473151553094506,0.534624335186343,0.418060509504206
7089607,0.0611412733920364,0.68362519075381,0.255233535854154
7146576,0.0711126437433463,0.731380116149776,0.197507240106878
7226283,0.0229417108008055,0.790962627537912,0.186095661661283
7154617,0.138052387648875,0.527334432092566,0.334613180258558
7155290,0.00385946316319204,0.971794057795832,0.024346479040976
7088441,0.0310506261784222,0.808553396664764,0.160395977156814
7193312,0.0429130782826854,0.760746858862586,0.196340062854728
7221535,0.0361973987481644,0.651520221376052,0.312282379875784
7142402,0.00371156139382356,0.968756257474551,0.0275321811316253
7135382,0.156362313973808,0.429349017539732,0.41428866848646
7152982,0.0115654394082908,0.922280444386724,0.0661541162049856
7158841,0.125754830412235,0.54380338243157,0.330441787156195
7106533,0.0892175151019599,0.747704662971888,0.163077821926152
7112395,0.121410980541114,0.480811196594773,0.397777822864113
7154174,0.0482779081091699,0.702873083492413,0.248849008398417
7091023,0.0335553857695798,0.855911677864132,0.110532936366289
7135662,0.00663103671951964,0.943289144855821,0.0500798184246592
7116134,0.0208932840152536,0.870974668371745,0.108132047613001
7234345,0.00249231917440342,0.971321770718157,0.0261859101074395
7193206,0.0214519369218956,0.752422939356407,0.226125123721698
7216912,0.0908394416611687,0.675404972870887,0.233755585467944
7095936,0.00803410127568444,0.931375640202036,0.0605902585222795
7093169,0.153042470218526,0.428445188270369,0.418512341511105
7144609,0.113301121465589,0.766099734408629,0.120599144125782
7167712,0.109693123518363,0.620288653917012,0.270018222564624
7231483,0.0265487669823011,0.840939134727629,0.13251209829007
7206594,0.10062998784488,0.598682976857516,0.300687035297604
7202822,0.214312719425507,0.640843184876227,0.144844095698266
7225587,0.188936549289071,0.447012671319575,0.364050779391354
7123487,0.0164502376254446,0.879551426213294,0.103998336161261
7211664,0.0446462658227647,0.747878241258646,0.207475492918589
7222295,0.0956600374279244,0.57777978980113,0.326560172770946
7158858,0.0565908523504187,0.637773753564041,0.30563539408554
7167084,0.0165712636956944,0.91718033792176,0.0662483983825459
7147023,0.00564039115648889,0.956085770544302,0.0382738382992088
7151465,0.106931221018346,0.514150389933351,0.378918389048302
7222897,0.0127835780754873,0.891955109156474,0.0952613127680392
7141466,0.045940463670841,0.541454197606074,0.412605338723085
7151245,0.298733288411388,0.364053867413127,0.337212844175485
7092884,0.176114055586942,0.435767507482028,0.38811843693103
7180533,0.00224586497570705,0.934204332190817,0.0635498028334756
7098208,0.0627006969159332,0.655789819977317,0.28150948310675
7205075,0.0283939234030144,0.818722840407766,0.152883236189219
7219170,0.0108878262888916,0.896938216823473,0.0921739568876356
7114428,0.0276510553933431,0.886117805545206,0.0862311390614509
7167998,0.0459047136230016,0.746293537301877,0.207801749075121
7201569,0.0602454189252526,0.616295430885596,0.323459150189152
7195872,0.0549183152350234,0.754217450855831,0.190864233909146
7116018,0.012236776837443,0.934863590541635,0.0528996326209224
7134452,0.138270746093057,0.526372569182269,0.335356684724674
7126258,0.110917743703878,0.555050843730442,0.33403141256568
7159955,0.00571386299008382,0.923414133360171,0.0708720036497452
7202040,0.235636548760204,0.395224361288262,0.369139089951534
7138245,0.0055653055695561,0.950308868596002,0.0441258258344421
7131617,0.130114394392855,0.499617241640241,0.370268363966904
7092359,0.104469182486733,0.652757984045886,0.242772833467381
7171511,0.108777352043353,0.557724578038879,0.333498069917768
7221698,0.124927138294828,0.551035334395408,0.324037527309764
7156581,0.158947653084158,0.490038573499862,0.35101377341598
7192499,0.0271481797757485,0.729398023508881,0.24345379671537
7135284,0.0029883230832235,0.961640877989789,0.0353707989269876
7171847,0.0843342446116131,0.783997689083202,0.131668066305185
7222777,0.00966779279655376,0.932244308899316,0.0580878983041301
7171334,0.0440772699599142,0.658308314075625,0.297614415964461
7171255,0.203392765011412,0.531214618543219,0.265392616445369
7177354,0.243472924953528,0.550763877152882,0.20576319789359
7168405,0.127981766682114,0.49486468755907,0.377153545758816
7092661,0.0772149330848361,0.587144583103462,0.335640483811701
7099405,0.233193067999345,0.349768271320362,0.417038660680293
7137567,0.0637854595208277,0.691349090471163,0.24486545000801
7197379,0.0460233068378038,0.62296647905665,0.331010214105546
7211473,0.0320532093895151,0.764361577149546,0.203585213460938
7206690,0.0779563891026475,0.582362952168098,0.339680658729254
7168685,0.0487967217988927,0.585206851514786,0.365996426686321
7186108,0.012521349141439,0.856644020500597,0.130834630357964
7233078,0.04767314940038,0.624990138146085,0.327336712453535
7193452,0.00922478740246402,0.909973167158431,0.0808020454391047
7092293,0.116841257888814,0.486472083906301,0.396686658204885
7154744,0.0312420075121523,0.821681525088409,0.147076467399439
7177795,0.117350016234047,0.515353752517415,0.367296231248538
7217396,0.00467537058531396,0.958539550568461,0.0367850788462246
7099774,0.0769743059242829,0.618596105630307,0.30442958844541
7151829,0.0104734293531369,0.926272063414943,0.0632545072319203
7218278,0.0312752344493475,0.722110447182278,0.246614318368375
7096347,0.137488041202004,0.484127851825834,0.378384106972163
7091265,0.163433503718413,0.473532861040574,0.363033635241013
7096577,0.100300781462557,0.516095896570343,0.3836033219671
7205100,0.186030411021995,0.451601767928183,0.362367821049822
7172104,0.0575096732047729,0.643691372299557,0.29879895449567
7226090,0.00733026725359679,0.916527302782676,0.0761424299637269
7120664,0.0748279744254601,0.67871950947445,0.24645251610009
7148368,0.178159605669979,0.463367728237671,0.358472666092351
7139805,0.00996460747434296,0.866136129884219,0.123899262641438
7114148,0.0245716928180465,0.8424009529807,0.133027354201254
7233179,0.0341139337313903,0.773631412341732,0.192254653926878
7188271,0.0509424575340205,0.650470995612795,0.298586546853184
7207487,0.257098114002048,0.446847799879394,0.296054086118558
7156246,0.0489898015077514,0.834700050127021,0.116310148365227
7149549,0.0259736573492927,0.829626172680471,0.144400169970236
7167990,0.0516849826569037,0.714342305676434,0.233972711666662
7173161,0.232942103452829,0.391151487229345,0.375906409317826
7104485,0.045940463670841,0.541454197606074,0.412605338723085
7105791,0.209035277187964,0.455996342275849,0.334968380536187
7531296,0.0240238015824041,0.820229956861214,0.155746241556382
7202274,0.00884913878645127,0.949768779934855,0.0413820812786936
7233364,0.0964986345746772,0.566912898802694,0.336588466622629
7127434,0.018219283228162,0.875100881853234,0.106679834918604
7208396,0.122883283183578,0.506951998470515,0.370164718345906
7223730,0.0866676578706419,0.671550692018783,0.241781650110575
7104340,0.0848867756045984,0.557260868046785,0.357852356348617
7110181,0.0342020265848058,0.771744166132598,0.194053807282596
7148577,0.29337561393768,0.432106173608802,0.274518212453518
7104852,0.0664109434554716,0.680121397444417,0.253467659100112
7147973,0.0546772196250183,0.656652620233282,0.288670160141699
7230600,0.062211040572345,0.668655114586111,0.269133844841544
7103439,0.0129463369771094,0.769693170325779,0.217360492697111
7106684,0.0130165802620079,0.945561925867532,0.04142149387046
7172862,0.109760931806949,0.51266816224475,0.377570905948301
7217259,0.0848114246759402,0.781293830300639,0.133894745023421
7190422,0.148204673287388,0.466205791892313,0.385589534820299
